sample_CTD.cnv
* Sea-Bird SBE25 Data File:
* FileName = C:\Users\sbe25\MetroVan\MetroVan1701\hex\metrovan1701001.hex
* Software Version 1.59
* Temperature SN = 2784
* Conductivity SN = 2249
* System UpLoad Time = Feb 14 2017 15:21:28
** Station: S4-1.5
** Depth: Chart m
** Latitude = 49 15.013 N
** Longitude = 123 39.983 W
** PST (Time) = 14 Feb 2017 12:25
** Cruise: MetroVan SOG 1701 Feb 2017
** Comments:
# nquan = 13
# nvalues = 359                         
# units = specified
# name 0 = scan: Scan Count
# name 1 = prSM: Pressure, Strain Gauge [db]
# name 2 = t090C: Temperature [ITS-90, deg C]
# name 3 = c0mS/cm: Conductivity [mS/cm]
# name 4 = xmiss: Beam Transmission, Chelsea/Seatech [%]
# name 5 = wetStar: Fluorescence, WET Labs WETstar [mg/m^3]
# name 6 = sbeox0V: Oxygen raw, SBE 43 [V]
# name 7 = par: PAR/Irradiance, Biospherical/Licor
# name 8 = sal00: Salinity, Practical [PSU]
# name 9 = sigma-é00: Density [sigma-theta, kg/m^3]
# name 10 = sbeox0ML/L: Oxygen, SBE 43 [ml/l], WS = 2
# name 11 = nbin: number of scans per bin
# name 12 = flag: flag
# span 0 =        640,       3591       
# span 1 =      1.000,    359.000       
# span 2 =     5.7375,     9.8231       
# span 3 =  26.728057,  34.342310       
# span 4 =    90.5057,    97.0829       
# span 5 =     0.0327,     1.9365       
# span 6 =     1.1942,     2.5169       
# span 7 = 1.4991e+00, 5.2879e+02       
# span 8 =    26.7170,    31.2026       
# span 9 =    21.0427,    24.0248       
# span 10 =     2.1686,     6.8716      
# span 11 =          3,        713      
# span 12 = 0.0000e+00, 0.0000e+00      
# interval = decibars: 1                
# start_time = Feb 14 2017 12:24:50 [Instrument's time stamp, header]
# bad_flag = -9.990e-29
*END*
[from data line 112]
       1325    113.000     8.0792  31.609786    92.9594     0.0683     1.9986 1.5972e+00    29.9842    23.3279     4.7642          4 0.0000e+00
       1329    114.000     8.0804  31.614300    92.9298     0.0639     1.9966 1.5988e+00    29.9875    23.3304     4.7573          4 0.0000e+00
       1332    115.000     8.0790  31.619448    92.9742     0.0723     1.9952 1.6002e+00    29.9937    23.3354     4.7546          4 0.0000e+00
       1336    116.000     8.0770  31.622397    92.9065     0.0623     1.9930 1.6049e+00    29.9980    23.3391     4.7531          3 0.0000e+00
       1340    117.000     8.0771  31.622798    92.9388     0.0544     1.9929 1.6032e+00    29.9979    23.3391     4.7617          4 0.0000e+00
       1343    118.000     8.0773  31.623847    92.9693     0.0507     1.9929 1.6048e+00    29.9985    23.3394     4.7582          4 0.0000e+00
       1347    119.000     8.0768  31.625512    92.9331     0.0668     1.9918 1.6049e+00    30.0002    23.3409     4.7526          4 0.0000e+00
       1351    120.000     8.0801  31.636562    92.9086     0.1301     1.9910 1.5972e+00    30.0085    23.3470     4.7467          3 0.0000e+00
       1355    121.000     8.0966  31.661194    92.9030     0.1618     1.9890 1.6035e+00    30.0199    23.3535     4.7271          4 0.0000e+00
       1358    122.000     8.1128  31.680334    92.9416     0.1017     1.9852 1.6019e+00    30.0257    23.3559     4.7082          4 0.0000e+00
       1362    123.000     8.1330  31.702952    93.0253     0.0616     1.9816 1.6029e+00    30.0317    23.3578     4.6964          3 0.0000e+00
       1366    124.000     8.1444  31.715037    93.1083     0.0546     1.9784 1.6002e+00    30.0342    23.3582     4.6937          4 0.0000e+00
       1369    125.000     8.1411  31.715289    93.1863     0.0508     1.9769 1.6046e+00    30.0369    23.3607     4.6916          4 0.0000e+00
       1373    126.000     8.1393  31.715775    93.1030     0.0506     1.9747 1.6069e+00    30.0385    23.3623     4.6851          3 0.0000e+00
       1377    127.000     8.1568  31.734154    93.1329     0.0506     1.9726 1.6030e+00    30.0424    23.3629     4.6755          4 0.0000e+00
       1381    128.000     8.1659  31.744196    93.2392     0.0506     1.9697 1.6034e+00    30.0447    23.3634     4.6617          4 0.0000e+00
       1384    129.000     8.1720  31.755672    93.2563     0.0506     1.9672 1.6034e+00    30.0510    23.3676     4.6659          4 0.0000e+00
       1388    130.000     8.1696  31.756733    93.2464     0.0506     1.9674 1.6069e+00    30.0538    23.3700     4.6917          3 0.0000e+00
       1392    131.000     8.1129  31.704247    93.2441     0.0459     1.9712 1.6032e+00    30.0469    23.3726     4.7156          4 0.0000e+00
       1395    132.000     8.0924  31.688664    93.2181     0.0419     1.9725 1.6077e+00    30.0476    23.3761     4.6971          4 0.0000e+00
       1399    133.000     8.1294  31.737225    93.1088     0.0448     1.9698 1.6026e+00    30.0664    23.3856     4.6544          3 0.0000e+00
       1403    134.000     8.1728  31.797158    93.0439     0.0463     1.9637 1.6067e+00    30.0917    23.3994     4.6211          4 0.0000e+00
       1406    135.000     8.1965  31.828719    93.1766     0.0374     1.9582 1.6079e+00    30.1040    23.4057     4.6091          4 0.0000e+00
       1410    136.000     8.2005  31.835261    93.1750     0.0328     1.9543 1.6110e+00    30.1070    23.4075     4.6071          3 0.0000e+00
       1414    137.000     8.2046  31.842012    93.1776     0.0379     1.9511 1.6126e+00    30.1101    23.4094     4.5996          4 0.0000e+00
       1418    138.000     8.2077  31.846617    93.1914     0.0327     1.9482 1.6140e+00    30.1120    23.4104     4.5903          4 0.0000e+00
       1421    139.000     8.2143  31.857266    93.1069     0.0329     1.9448 1.6125e+00    30.1170    23.4134     4.5753          4 0.0000e+00
       1425    140.000     8.2274  31.879018    93.0860     0.0505     1.9409 1.6109e+00    30.1281    23.4203     4.5630          3 0.0000e+00
       1429    141.000     8.2341  31.888793    93.0479     0.0506     1.9378 1.6158e+00    30.1322    23.4226     4.5516          4 0.0000e+00
       1432    142.000     8.2440  31.904487    93.0702     0.0506     1.9337 1.6124e+00    30.1397    23.4270     4.5361          4 0.0000e+00
       1436    143.000     8.2643  31.935972    93.0826     0.0424     1.9300 1.6096e+00    30.1548    23.4361     4.5177          4 0.0000e+00
       1440    144.000     8.2662  31.945753    93.0858     0.0446     1.9248 1.6148e+00    30.1629    23.4422     4.4983          3 0.0000e+00
       1444    145.000     8.2752  31.963330    93.0411     0.0416     1.9207 1.6139e+00    30.1732    23.4489     4.5179          4 0.0000e+00
       1447    146.000     8.2551  31.959356    93.0832     0.0461     1.9242 1.6079e+00    30.1858    23.4617     4.5541          4 0.0000e+00
       1451    147.000     8.1471  31.869123    92.9633     0.0447     1.9263 1.6029e+00    30.1835    23.4751     4.5500          3 0.0000e+00
       1454    148.000     8.1725  31.912542    92.7857     0.0461     1.9236 1.6093e+00    30.2068    23.4898     4.5343          4 0.0000e+00
       1458    149.000     8.1648  31.911559    92.6451     0.0462     1.9245 1.6122e+00    30.2121    23.4950     4.5631          4 0.0000e+00
       1462    150.000     8.1017  31.855970    92.4664     0.0422     1.9284 1.6138e+00    30.2075    23.5003     4.5961          4 0.0000e+00
       1466    151.000     8.0517  31.813695    92.3217     0.0389     1.9327 1.6189e+00    30.2058    23.5060     4.6172          3 0.0000e+00
       1470    152.000     8.0447  31.809214    92.2729     0.0510     1.9369 1.6185e+00    30.2066    23.5076     4.6363          4 0.0000e+00
       1473    153.000     8.0264  31.794408    92.2805     0.0383     1.9421 1.6157e+00    30.2063    23.5099     4.6515          4 0.0000e+00
       1477    154.000     8.0023  31.773784    92.3339     0.0387     1.9449 1.6189e+00    30.2050    23.5123     4.6272          3 0.0000e+00
       1481    155.000     8.0404  31.817100    92.3817     0.0462     1.9407 1.6139e+00    30.2173    23.5167     4.5721          4 0.0000e+00
       1484    156.000     8.1205  31.903043    92.3720     0.0508     1.9342 1.6214e+00    30.2382    23.5218     4.5372          3 0.0000e+00
       1488    157.000     8.1322  31.917077    92.2239     0.0506     1.9284 1.6167e+00    30.2424    23.5235     4.5283          4 0.0000e+00
       1492    158.000     8.1358  31.921838    92.2069     0.0416     1.9239 1.6186e+00    30.2439    23.5242     4.5159          4 0.0000e+00
       1496    159.000     8.1431  31.931920    92.2877     0.0417     1.9187 1.6201e+00    30.2478    23.5262     4.4982          4 0.0000e+00
       1537    160.000     8.1781  31.968638    92.3818     0.0558     1.9088 1.6293e+00    30.2557    23.5275     4.4848         35 0.0000e+00
       1755    161.000     8.1903  31.980696    92.2752     0.1439     1.9095 1.6734e+00    30.2574    23.5271     4.4761          3 0.0000e+00
       1776    162.000     8.1972  31.988637    92.2370     0.1510     1.9066 1.6837e+00    30.2593    23.5277     4.4672          3 0.0000e+00
       1780    163.000     8.2049  31.997449    92.2559     0.1575     1.9035 1.6804e+00    30.2616    23.5284     4.4543          4 0.0000e+00
       1784    164.000     8.2170  32.011513    92.2898     0.1522     1.8996 1.6790e+00    30.2654    23.5297     4.4376          4 0.0000e+00
       1787    165.000     8.2402  32.037310    92.2549     0.1395     1.8951 1.6791e+00    30.2721    23.5316     4.4049          4 0.0000e+00
       1791    166.000     8.2627  32.062436    92.1751     0.1572     1.8875 1.6769e+00    30.2786    23.5336     4.3640          3 0.0000e+00
       1795    167.000     8.2934  32.105540    92.1739     0.1569     1.8796 1.6825e+00    30.2968    23.5435     4.3611          4 0.0000e+00
       1798    168.000     8.2756  32.099560    92.2792     0.1507     1.8782 1.6834e+00    30.3054    23.5528     4.3984          3 0.0000e+00
       1802    169.000     8.2087  32.044562    92.0967     0.1570     1.8803 1.6806e+00    30.3051    23.5620     4.4232          4 0.0000e+00
       1805    170.000     8.1991  32.042788    91.9876     0.1569     1.8820 1.6837e+00    30.3111    23.5681     4.4146          4 0.0000e+00
       1809    171.000     8.2171  32.064884    91.9800     0.1687     1.8799 1.6833e+00    30.3183    23.5712     4.3610          3 0.0000e+00
       1813    172.000     8.2487  32.108871    91.9178     0.1611     1.8702 1.6789e+00    30.3367    23.5812     4.2840          4 0.0000e+00
       1816    173.000     8.3553  32.231293    91.9455     0.1567     1.8577 1.6835e+00    30.3723    23.5940     4.2223          3 0.0000e+00
       1820    174.000     8.3877  32.266827    91.7691     0.1569     1.8447 1.6788e+00    30.3811    23.5962     4.1909          4 0.0000e+00
       1823    175.000     8.4041  32.286063    91.7175     0.1443     1.8353 1.6768e+00    30.3866    23.5981     4.1797          3 0.0000e+00
       1827    176.000     8.4138  32.298154    91.7539     0.1436     1.8280 1.6841e+00    30.3904    23.5997     4.1756          4 0.0000e+00
       1830    177.000     8.4165  32.302336    91.8478     0.1394     1.8237 1.6869e+00    30.3921    23.6007     4.1791          4 0.0000e+00
       1834    178.000     8.4152  32.302007    91.9907     0.1452     1.8204 1.6898e+00    30.3924    23.6011     4.1801          3 0.0000e+00
       1838    179.000     8.4157  32.303708    92.0650     0.1482     1.8188 1.6851e+00    30.3933    23.6018     4.1830          4 0.0000e+00
       1841    180.000     8.4158  32.304827    92.0882     0.1388     1.8175 1.6899e+00    30.3939    23.6023     4.1834          3 0.0000e+00
       1845    181.000     8.4169  32.307455    92.1080     0.1438     1.8171 1.6836e+00    30.3953    23.6032     4.1842          4 0.0000e+00
       1848    182.000     8.4138  32.308869    92.2568     0.1515     1.8168 1.6878e+00    30.3990    23.6066     4.1621          3 0.0000e+00
       1852    183.000     8.4233  32.324315    92.3828     0.1479     1.8099 1.6887e+00    30.4065    23.6111     4.1018          4 0.0000e+00
       1855    184.000     8.4998  32.414447    92.3294     0.1395     1.7994 1.6856e+00    30.4341    23.6217     4.0408          4 0.0000e+00
       1859    185.000     8.5379  32.457360    91.8297     0.1452     1.7873 1.6833e+00    30.4454    23.6250     3.9827          3 0.0000e+00
       1863    186.000     8.5750  32.501836    91.4484     0.1436     1.7724 1.6855e+00    30.4594    23.6306     3.9154          4 0.0000e+00
       1866    187.000     8.6334  32.573536    90.8612     0.1390     1.7569 1.6899e+00    30.4831    23.6406     3.8527          3 0.0000e+00
       1870    188.000     8.6814  32.636094    90.5313     0.1392     1.7408 1.6870e+00    30.5062    23.6517     3.7978          4 0.0000e+00
       1873    189.000     8.7247  32.695110    90.5893     0.1392     1.7249 1.6897e+00    30.5295    23.6637     3.7487          3 0.0000e+00
       1877    190.000     8.7620  32.738405    90.7162     0.1345     1.7096 1.6868e+00    30.5419    23.6678     3.7111          4 0.0000e+00
       1880    191.000     8.7997  32.784344    90.6641     0.1348     1.6969 1.6901e+00    30.5565    23.6737     3.6902          4 0.0000e+00
       1884    192.000     8.8172  32.806423    90.9597     0.1391     1.6873 1.6939e+00    30.5638    23.6768     3.6755          3 0.0000e+00
       1888    193.000     8.8285  32.822260    91.2908     0.1302     1.6794 1.6885e+00    30.5700    23.6800     3.6654          4 0.0000e+00
       1891    194.000     8.8407  32.838195    91.5326     0.1334     1.6740 1.6897e+00    30.5755    23.6825     3.6493          3 0.0000e+00
       1895    195.000     8.8448  32.843059    91.6467     0.1254     1.6665 1.6954e+00    30.5767    23.6829     3.6145          4 0.0000e+00
       1899    196.000     8.8840  32.890874    91.6067     0.1319     1.6566 1.6981e+00    30.5919    23.6889     3.5773          5 0.0000e+00
       1904    197.000     8.9168  32.931896    91.6105     0.1355     1.6464 1.6958e+00    30.6055    23.6947     3.5525          5 0.0000e+00
       1910    198.000     8.9299  32.950154    91.7533     0.1240     1.6344 1.6950e+00    30.6126    23.6983     3.5036          6 0.0000e+00
       1916    199.000     8.9869  33.021728    91.7822     0.1244     1.6184 1.7008e+00    30.6369    23.7087     3.4441          6 0.0000e+00
       1922    200.000     9.0193  33.063130    92.0122     0.1215     1.6049 1.7018e+00    30.6511    23.7150     3.4111          7 0.0000e+00
       1928    201.000     9.0466  33.096359    92.3248     0.1326     1.5938 1.6994e+00    30.6614    23.7190     3.3856          6 0.0000e+00
       1935    202.000     9.0656  33.121364    92.2900     0.1245     1.5835 1.7040e+00    30.6703    23.7230     3.3591          9 0.0000e+00
       2033    203.000     9.0859  33.152472    92.4908     0.1214     1.5665 1.7402e+00    30.6844    23.7310     3.3359        193 0.0000e+00
       2148    204.000     9.1213  33.199154    92.6064     0.1215     1.5550 1.7680e+00    30.7015    23.7390     3.2534          7 0.0000e+00
       2143    205.000     9.1727  33.264030    92.3799     0.1215     1.5426 1.7737e+00    30.7233    23.7482     3.1873          5 0.0000e+00
       2148    206.000     9.2283  33.330977    92.4574     0.1107     1.5284 1.7686e+00    30.7436    23.7556     3.1465          5 0.0000e+00
       2154    207.000     9.2534  33.361934    92.7989     0.1148     1.5156 1.7717e+00    30.7533    23.7594     3.0987          5 0.0000e+00
       2158    208.000     9.2924  33.412644    92.8889     0.1078     1.5039 1.7682e+00    30.7712    23.7673     3.0603          4 0.0000e+00
       2161    209.000     9.3213  33.450702    93.0930     0.1166     1.4946 1.7731e+00    30.7848    23.7735     3.0379          4 0.0000e+00
       2165    210.000     9.3309  33.465133    93.3302     0.1214     1.4877 1.7744e+00    30.7908    23.7768     3.0318          3 0.0000e+00
       2168    211.000     9.3381  33.476163    93.4830     0.1039     1.4825 1.7685e+00    30.7956    23.7794     3.0251          4 0.0000e+00
       2172    212.000     9.3393  33.479156    93.5128     0.1037     1.4784 1.7764e+00    30.7972    23.7805     3.0241          3 0.0000e+00
       2175    213.000     9.3386  33.479912    93.4985     0.1037     1.4767 1.7734e+00    30.7981    23.7813     3.0301          4 0.0000e+00
       2179    214.000     9.3313  33.476565    93.5683     0.1157     1.4757 1.7677e+00    30.8005    23.7843     3.0245          3 0.0000e+00
       2183    215.000     9.3157  33.470247    93.4690     0.1080     1.4726 1.7752e+00    30.8071    23.7919     2.9950          4 0.0000e+00
       2186    216.000     9.3413  33.508991    93.2837     0.1097     1.4657 1.7745e+00    30.8241    23.8013     2.9449          3 0.0000e+00
       2190    217.000     9.3837  33.560691    93.3263     0.1034     1.4557 1.7751e+00    30.8400    23.8071     2.9032          4 0.0000e+00
       2193    218.000     9.4079  33.596230    93.3495     0.1037     1.4470 1.7766e+00    30.8550    23.8151     2.8913          4 0.0000e+00
       2197    219.000     9.4137  33.607515    93.2443     0.1037     1.4407 1.7788e+00    30.8611    23.8190     2.8818          3 0.0000e+00
       2200    220.000     9.4136  33.611658    93.1797     0.1037     1.4350 1.7816e+00    30.8650    23.8220     2.8562          4 0.0000e+00
       2204    221.000     9.4288  33.635199    93.1664     0.1037     1.4266 1.7834e+00    30.8755    23.8279     2.8165          3 0.0000e+00
       2207    222.000     9.4705  33.691277    93.1640     0.1037     1.4176 1.7785e+00    30.8963    23.8376     2.7832          4 0.0000e+00
