sample_CTD.cnv
* Sea-Bird SBE25 Data File:
* FileName = C:\Users\sbe25\MetroVan\MetroVan1701\hex\metrovan1701001.hex
* Software Version 1.59
* Temperature SN = 2784
* Conductivity SN = 2249
* System UpLoad Time = Feb 14 2017 15:21:28
** Station: S4-1.5
** Depth: Chart m
** Latitude = 49 15.013 N
** Longitude = 123 39.983 W
** PST (Time) = 14 Feb 2017 12:25
** Cruise: MetroVan SOG 1701 Feb 2017
** Comments:
# nquan = 13
# nvalues = 359                         
# units = specified
# name 0 = scan: Scan Count
# name 1 = prSM: Pressure, Strain Gauge [db]
# name 2 = t090C: Temperature [ITS-90, deg C]
# name 3 = c0mS/cm: Conductivity [mS/cm]
# name 4 = xmiss: Beam Transmission, Chelsea/Seatech [%]
# name 5 = wetStar: Fluorescence, WET Labs WETstar [mg/m^3]
# name 6 = sbeox0V: Oxygen raw, SBE 43 [V]
# name 7 = par: PAR/Irradiance, Biospherical/Licor
# name 8 = sal00: Salinity, Practical [PSU]
# name 9 = sigma-é00: Density [sigma-theta, kg/m^3]
# name 10 = sbeox0ML/L: Oxygen, SBE 43 [ml/l], WS = 2
# name 11 = nbin: number of scans per bin
# name 12 = flag: flag
# span 0 =        640,       3591       
# span 1 =      1.000,    359.000       
# span 2 =     5.7375,     9.8231       
# span 3 =  26.728057,  34.342310       
# span 4 =    90.5057,    97.0829       
# span 5 =     0.0327,     1.9365       
# span 6 =     1.1942,     2.5169       
# span 7 = 1.4991e+00, 5.2879e+02       
# span 8 =    26.7170,    31.2026       
# span 9 =    21.0427,    24.0248       
# span 10 =     2.1686,     6.8716      
# span 11 =          3,        713      
# span 12 = 0.0000e+00, 0.0000e+00      
# interval = decibars: 1                
# start_time = Feb 14 2017 12:24:50 [Instrument's time stamp, header]
# bad_flag = -9.990e-29
*END*
        640      1.000     5.7587  26.765944    93.4723     1.6492     2.5112 5.2879e+02    26.7423    21.0605     6.8384         13 0.0000e+00
        659      2.000     5.7375  26.728057    93.6077     1.7328     2.5113 3.8059e+02    26.7170    21.0427     6.8643         12 0.0000e+00
        671      3.000     5.7395  26.734843    93.6323     1.7159     2.5147 3.0926e+02    26.7225    21.0468     6.8716         11 0.0000e+00
        682      4.000     5.8377  26.917771    93.7434     1.7626     2.5169 2.6555e+02    26.8451    21.1333     6.8533         11 0.0000e+00
        692      5.000     6.2284  27.646026    93.8442     1.9365     2.5013 2.0639e+02    27.3268    21.4702     6.5864          9 0.0000e+00
        700      6.000     6.7196  28.545211    94.2913     1.8624     2.4558 1.6890e+02    27.9044    21.8688     6.2609          7 0.0000e+00
        706      7.000     6.9537  28.974560    94.9906     1.6956     2.4180 1.4089e+02    28.1748    22.0533     6.1350          6 0.0000e+00
        713      8.000     6.9997  29.063399    95.2799     1.6327     2.3934 1.1984e+02    28.2321    22.0928     6.1105          7 0.0000e+00
        719      9.000     7.0333  29.135925    95.5724     1.5862     2.3791 1.0258e+02    28.2818    22.1277     6.0841          5 0.0000e+00
        725     10.000     7.0665  29.197426    95.6650     1.4969     2.3711 8.7063e+01    28.3199    22.1536     6.0704          6 0.0000e+00
        731     11.000     7.0997  29.258963    95.7714     1.4220     2.3648 7.4890e+01    28.3580    22.1794     6.0411          6 0.0000e+00
        736     12.000     7.1711  29.449801    95.9552     1.2357     2.3553 6.4473e+01    28.5027    22.2842     5.9725          5 0.0000e+00
        741     13.000     7.2357  29.603208    96.2613     1.0157     2.3444 5.5701e+01    28.6127    22.3625     5.9275          6 0.0000e+00
        747     14.000     7.2520  29.637488    96.6705     0.8295     2.3352 4.8774e+01    28.6354    22.3783     5.9140          5 0.0000e+00
        752     15.000     7.2233  29.622589    96.8252     0.7625     2.3304 4.2411e+01    28.6428    22.3877     5.9300          5 0.0000e+00
        757     16.000     7.1985  29.604790    96.8691     0.7317     2.3301 3.6822e+01    28.6439    22.3918     5.9416          5 0.0000e+00
        762     17.000     7.1892  29.602883    96.8897     0.7617     2.3303 3.2474e+01    28.6492    22.3971     5.9491          6 0.0000e+00
        767     18.000     7.1899  29.612316    96.9093     0.7111     2.3309 2.8408e+01    28.6582    22.4041     5.9493          4 0.0000e+00
        772     19.000     7.1936  29.621624    96.8818     0.6917     2.3311 2.4865e+01    28.6647    22.4087     5.9496          5 0.0000e+00
        776     20.000     7.1955  29.627917    96.9027     0.7098     2.3312 2.1867e+01    28.6694    22.4122     5.9471          4 0.0000e+00
        781     21.000     7.2059  29.641294    96.9865     0.6713     2.3297 1.9234e+01    28.6747    22.4151     5.9238          5 0.0000e+00
        786     22.000     7.2485  29.690938    96.9900     0.6393     2.3254 1.7030e+01    28.6919    22.4232     5.8926          4 0.0000e+00
        790     23.000     7.2775  29.723856    96.9994     0.6169     2.3206 1.5015e+01    28.7026    22.4279     5.8727          5 0.0000e+00
        794     24.000     7.2863  29.734870    97.0290     0.5916     2.3155 1.3229e+01    28.7066    22.4299     5.8529          4 0.0000e+00
        799     25.000     7.3126  29.764133    97.0442     0.5674     2.3108 1.1736e+01    28.7155    22.4336     5.8383          4 0.0000e+00
        803     26.000     7.3173  29.771353    97.0588     0.5455     2.3065 1.0468e+01    28.7188    22.4356     5.8330          5 0.0000e+00
        808     27.000     7.3237  29.779597    97.0166     0.5464     2.3043 9.2295e+00    28.7219    22.4373     5.8295          4 0.0000e+00
        812     28.000     7.3247  29.781545    97.0726     0.5292     2.3014 8.1833e+00    28.7227    22.4378     5.8163          5 0.0000e+00
        816     29.000     7.3385  29.798102    97.0767     0.5246     2.2978 7.3080e+00    28.7285    22.4406     5.8008          4 0.0000e+00
        820     30.000     7.3621  29.824381    97.0512     0.5200     2.2944 6.5347e+00    28.7365    22.4438     5.7898          4 0.0000e+00
        824     31.000     7.3831  29.847203    97.0435     0.5287     2.2921 5.8273e+00    28.7430    22.4462     5.7869          4 0.0000e+00
        829     32.000     7.3936  29.861427    97.0578     0.5145     2.2905 5.2267e+00    28.7489    22.4495     5.7781          4 0.0000e+00
        833     33.000     7.4181  29.891143    97.0743     0.5002     2.2869 4.6983e+00    28.7598    22.4550     5.7514          5 0.0000e+00
        837     34.000     7.4432  29.920678    97.0829     0.4937     2.2827 4.1884e+00    28.7699    22.4597     5.7284          4 0.0000e+00
        841     35.000     7.4890  29.972778    97.0714     0.4811     2.2770 3.8050e+00    28.7868    22.4670     5.7000          4 0.0000e+00
        845     36.000     7.5181  30.005131    97.0579     0.4637     2.2721 3.4701e+00    28.7965    22.4709     5.6848          4 0.0000e+00
        849     37.000     7.5614  30.054432    97.0824     0.4665     2.2676 3.1868e+00    28.8125    22.4778     5.6410          4 0.0000e+00
        853     38.000     7.6354  30.141199    97.0188     0.4538     2.2544 2.9571e+00    28.8425    22.4917     5.5067          4 0.0000e+00
        857     39.000     7.8245  30.370669    96.9981     0.3958     2.2298 2.7536e+00    28.9275    22.5331     5.3441          4 0.0000e+00
        861     40.000     8.0086  30.591366    96.9538     0.3549     2.2003 2.5650e+00    29.0063    22.5701     5.2264          4 0.0000e+00
        865     41.000     8.1170  30.721856    96.9187     0.3351     2.1747 2.4122e+00    29.0528    22.5918     5.1484          4 0.0000e+00
        869     42.000     8.1735  30.792671    96.8748     0.3217     2.1493 2.2919e+00    29.0796    22.6050     5.0549          3 0.0000e+00
        873     43.000     8.2995  30.948994    96.8615     0.3009     2.1252 2.1791e+00    29.1378    22.6331     4.9604          4 0.0000e+00
        877     44.000     8.4055  31.073329    96.6891     0.2838     2.0985 2.0853e+00    29.1789    22.6505     4.8568          4 0.0000e+00
        881     45.000     8.5192  31.213273    96.7767     0.2655     2.0698 2.0093e+00    29.2295    22.6739     4.7504          4 0.0000e+00
        885     46.000     8.6087  31.326345    96.8544     0.2534     2.0434 1.9406e+00    29.2720    22.6944     4.6671          4 0.0000e+00
        889     47.000     8.6998  31.442514    96.8630     0.2320     2.0202 1.8816e+00    29.3161    22.7158     4.6133          4 0.0000e+00
        892     48.000     8.7481  31.508698    96.8501     0.2195     2.0026 1.8302e+00    29.3440    22.7306     4.5877          4 0.0000e+00
        896     49.000     8.7648  31.535351    96.8179     0.2105     1.9885 1.7859e+00    29.3572    22.7385     4.5774          4 0.0000e+00
        900     50.000     8.7677  31.543492    96.8160     0.2018     1.9809 1.7496e+00    29.3627    22.7425     4.5817          4 0.0000e+00
        904     51.000     8.7695  31.549644    96.7776     0.2041     1.9754 1.7170e+00    29.3672    22.7457     4.5759          3 0.0000e+00
        908     52.000     8.7783  31.565583    96.7903     0.1961     1.9715 1.6895e+00    29.3759    22.7513     4.5599          4 0.0000e+00
        912     53.000     8.8115  31.632273    96.7394     0.1920     1.9643 1.6648e+00    29.4166    22.7782     4.5049          4 0.0000e+00
        916     54.000     8.8713  31.743487    96.6765     0.1729     1.9524 1.6425e+00    29.4809    22.8198     4.4610          4 0.0000e+00
        920     55.000     8.8990  31.812594    96.5693     0.1606     1.9451 1.6267e+00    29.5285    22.8530     4.4510          4 0.0000e+00
        923     56.000     8.8540  31.839091    96.1519     0.1527     1.9393 1.6084e+00    29.5928    22.9098     4.4398          4 0.0000e+00
        927     57.000     8.8614  31.884953    96.1656     0.1359     1.9326 1.5966e+00    29.6333    22.9405     4.4141          4 0.0000e+00
        931     58.000     8.8700  31.913328    95.9930     0.1224     1.9259 1.5860e+00    29.6550    22.9561     4.4149          4 0.0000e+00
        935     59.000     8.8362  31.906100    95.7695     0.1215     1.9254 1.5749e+00    29.6753    22.9770     4.4616          3 0.0000e+00
        939     60.000     8.7146  31.819528    95.6590     0.1215     1.9316 1.5670e+00    29.6874    23.0043     4.5258          4 0.0000e+00
        943     61.000     8.5784  31.702855    95.3563     0.1215     1.9418 1.5490e+00    29.6805    23.0186     4.6114          4 0.0000e+00
        947     62.000     8.4520  31.593106    94.8343     0.1169     1.9589 1.5650e+00    29.6724    23.0304     4.7007          4 0.0000e+00
        950     63.000     8.2922  31.467946    94.3692     0.1214     1.9746 1.5430e+00    29.6762    23.0561     4.7520          4 0.0000e+00
        954     64.000     8.2668  31.450307    93.8766     0.1297     1.9859 1.5399e+00    29.6788    23.0617     4.7648          4 0.0000e+00
        958     65.000     8.2655  31.457231    93.5548     0.1333     1.9943 1.5418e+00    29.6867    23.0681     4.7670          3 0.0000e+00
        962     66.000     8.2808  31.481307    93.4677     0.1300     1.9993 1.5280e+00    29.6985    23.0752     4.7541          4 0.0000e+00
        966     67.000     8.2981  31.499542    93.6035     0.1255     1.9994 1.5456e+00    29.7025    23.0759     4.7300          4 0.0000e+00
        970     68.000     8.3147  31.519147    93.7621     0.1214     1.9984 1.5205e+00    29.7086    23.0783     4.7215          4 0.0000e+00
        973     69.000     8.3172  31.524952    93.8152     0.1215     1.9964 1.5290e+00    29.7121    23.0807     4.7240          4 0.0000e+00
        977     70.000     8.3007  31.512997    93.8377     0.1215     1.9985 1.5322e+00    29.7131    23.0839     4.7572          4 0.0000e+00
        981     71.000     8.2359  31.462794    93.7813     0.1215     2.0028 1.5320e+00    29.7150    23.0944     4.8043          3 0.0000e+00
        985     72.000     8.1595  31.403276    93.5818     0.1215     2.0117 1.5281e+00    29.7169    23.1067     4.8579          4 0.0000e+00
        988     73.000     8.1017  31.358185    93.3785     0.1336     2.0199 1.5203e+00    29.7182    23.1157     4.8839          4 0.0000e+00
        992     74.000     8.0846  31.346180    93.2260     0.1348     2.0273 1.4991e+00    29.7196    23.1192     4.8936          4 0.0000e+00
        996     75.000     8.0863  31.350617    93.1139     0.1388     2.0319 1.5173e+00    29.7224    23.1212     4.8923          4 0.0000e+00
       1002     76.000     8.0936  31.364165    93.0595     0.1353     2.0355 1.5252e+00    29.7300    23.1262     4.8940          8 0.0000e+00
       1143     77.000     8.1152  31.391462    93.3912     0.1322     2.0393 1.5695e+00    29.7399    23.1310     4.8814        181 0.0000e+00
       1197     78.000     8.1291  31.411462    93.3109     0.1175     2.0350 1.5827e+00    29.7487    23.1359     4.8608          6 0.0000e+00
       1197     79.000     8.1476  31.436776    93.4221     0.1185     2.0321 1.5788e+00    29.7591    23.1415     4.8470          6 0.0000e+00
       1201     80.000     8.1635  31.460031    93.4562     0.1129     2.0297 1.5836e+00    29.7696    23.1475     4.8452          4 0.0000e+00
       1205     81.000     8.1455  31.449634    93.5651     0.1168     2.0290 1.5866e+00    29.7735    23.1531     4.8472          4 0.0000e+00
       1209     82.000     8.1201  31.432574    93.5048     0.1156     2.0277 1.5848e+00    29.7767    23.1592     4.8398          3 0.0000e+00
       1213     83.000     8.1020  31.431752    93.1995     0.1172     2.0254 1.5805e+00    29.7908    23.1728     4.8306          4 0.0000e+00
       1216     84.000     8.1183  31.463272    92.7273     0.1038     2.0229 1.5779e+00    29.8096    23.1852     4.8137          4 0.0000e+00
       1220     85.000     8.1251  31.474236    92.4604     0.1037     2.0190 1.5792e+00    29.8149    23.1884     4.8019          4 0.0000e+00
       1224     86.000     8.1365  31.492098    92.3560     0.1037     2.0163 1.5808e+00    29.8235    23.1936     4.8081          3 0.0000e+00
       1228     87.000     8.1131  31.475305    92.3400     0.1037     2.0168 1.5825e+00    29.8253    23.1984     4.8237          4 0.0000e+00
       1231     88.000     8.0965  31.463367    92.1880     0.1037     2.0165 1.5779e+00    29.8265    23.2016     4.8157          4 0.0000e+00
       1235     89.000     8.1072  31.477970    92.0507     0.1037     2.0154 1.5788e+00    29.8323    23.2046     4.8069          3 0.0000e+00
       1239     90.000     8.1241  31.499290    92.1059     0.0988     2.0135 1.5827e+00    29.8399    23.2082     4.7986          4 0.0000e+00
       1243     91.000     8.1174  31.494315    92.1428     0.1040     2.0121 1.5776e+00    29.8399    23.2092     4.8054          4 0.0000e+00
       1246     92.000     8.1184  31.496788    92.1805     0.1037     2.0128 1.5809e+00    29.8412    23.2101     4.8140          4 0.0000e+00
       1250     93.000     8.1114  31.492608    92.1853     0.0976     2.0134 1.5767e+00    29.8424    23.2120     4.8138          3 0.0000e+00
       1254     94.000     8.1180  31.503349    92.3323     0.0850     2.0131 1.5796e+00    29.8476    23.2152     4.8105          4 0.0000e+00
       1258     95.000     8.1274  31.516385    92.5379     0.0905     2.0128 1.5824e+00    29.8529    23.2180     4.8011          4 0.0000e+00
       1261     96.000     8.1316  31.524573    92.6830     0.0862     2.0105 1.5838e+00    29.8575    23.2210     4.7867          4 0.0000e+00
       1265     97.000     8.1402  31.539689    92.7556     0.0860     2.0085 1.5868e+00    29.8656    23.2262     4.7751          3 0.0000e+00
       1269     98.000     8.1537  31.574493    92.8042     0.0860     2.0050 1.5853e+00    29.8901    23.2436     4.7593          4 0.0000e+00
       1272     99.000     8.1615  31.595993    93.0885     0.0774     2.0019 1.5868e+00    29.9055    23.2546     4.7531          4 0.0000e+00
       1276    100.000     8.1616  31.604608    93.2034     0.0896     1.9995 1.5882e+00    29.9140    23.2612     4.7519          4 0.0000e+00
       1280    101.000     8.1612  31.612551    93.2902     0.0802     1.9987 1.5868e+00    29.9223    23.2678     4.7577          3 0.0000e+00
       1284    102.000     8.1296  31.592157    93.2074     0.0770     1.9978 1.5915e+00    29.9274    23.2762     4.7695          4 0.0000e+00
       1287    103.000     8.1105  31.581260    93.1587     0.0771     1.9996 1.5898e+00    29.9318    23.2824     4.7828          4 0.0000e+00
       1291    104.000     8.1002  31.574779    93.1325     0.0771     2.0008 1.5912e+00    29.9334    23.2851     4.7847          4 0.0000e+00
       1295    105.000     8.0936  31.571353    93.0862     0.0684     2.0012 1.5888e+00    29.9350    23.2872     4.7857          3 0.0000e+00
       1299    106.000     8.0899  31.570907    93.0905     0.0822     2.0021 1.5961e+00    29.9373    23.2896     4.7871          4 0.0000e+00
       1302    107.000     8.0827  31.568736    93.0904     0.0731     2.0021 1.5915e+00    29.9407    23.2933     4.7903          4 0.0000e+00
       1306    108.000     8.0709  31.566817    93.0489     0.0864     2.0032 1.6012e+00    29.9483    23.3009     4.7975          3 0.0000e+00
       1310    109.000     8.0548  31.565871    92.9911     0.0713     2.0036 1.5970e+00    29.9607    23.3128     4.7934          4 0.0000e+00
       1314    110.000     8.0474  31.569130    92.8130     0.0682     2.0027 1.5973e+00    29.9700    23.3212     4.7881          4 0.0000e+00
       1317    111.000     8.0543  31.580130    92.8286     0.0683     2.0024 1.5988e+00    29.9752    23.3243     4.7852          4 0.0000e+00
