sample_CTD_2.cnv
* Sea-Bird SBE25 Data File:
* FileName = C:\Users\sbe25\MetroVan\MetroVan1702\hex\MetroVan1702004.hex
* Software Version 1.59
* Temperature SN = 2784
* Conductivity SN = 2249
* System UpLoad Time = May 10 2017 10:50:15
** Station: S4-1.5
** Depth: 370 m
** Latitude = 49 15.102 N
** Longitude = 123 39.965 W
** PDT (Time) = 09 May 2017 10:58
** Cruise: MetroVan 1702 May 2017 - Day 3: May 9
** Comments:
# nquan = 13
# nvalues = 306                         
# units = specified
# name 0 = scan: Scan Count
# name 1 = prSM: Pressure, Strain Gauge [db]
# name 2 = t090C: Temperature [ITS-90, deg C]
# name 3 = c0mS/cm: Conductivity [mS/cm]
# name 4 = xmiss: Beam Transmission, Chelsea/Seatech [%]
# name 5 = wetStar: Fluorescence, WET Labs WETstar [mg/m^3]
# name 6 = sbeox0V: Oxygen raw, SBE 43 [V]
# name 7 = par: PAR/Irradiance, Biospherical/Licor
# name 8 = sal00: Salinity, Practical [PSU]
# name 9 = sigma-?0: Density [sigma-theta, kg/m^3]
# name 10 = sbeox0ML/L: Oxygen, SBE 43 [ml/l], WS = 2
# name 11 = nbin: number of scans per bin
# name 12 = flag: flag
# span 0 =        501,       3738       
# span 1 =      1.000,    306.000       
# span 2 =     8.2463,    12.3089       
# span 3 =  29.293818,  33.993751       
# span 4 =    82.7672,    96.7912       
# span 5 =     0.0116,    12.1967       
# span 6 =     1.2054,     2.9641       
# span 7 = 2.5838e+00, 9.7606e+02       
# span 8 =    24.5980,    31.0244       
# span 9 =    18.4778,    23.9128       
# span 10 =     2.2044,     7.2983      
# span 11 =          3,        248      
# span 12 = 0.0000e+00, 0.0000e+00      
# interval = decibars: 1                
# start_time = May 09 2017 09:57:02 [Instrument's time stamp, header]
# bad_flag = -9.990e-29
*END*
[from data line 112]
       2221    113.000     8.2464  31.701501    95.3493     0.3035     1.9444 2.6266e+00    29.9378    23.2681     4.5775          4 0.0000e+00
       2225    114.000     8.2477  31.707481    95.1592     0.1226     1.9421 2.6321e+00    29.9424    23.2716     4.5629          4 0.0000e+00
       2229    115.000     8.2490  31.709267    95.1263     0.0681     1.9396 2.6212e+00    29.9428    23.2717     4.5594          5 0.0000e+00
       2233    116.000     8.2533  31.716705    95.1720     0.0524     1.9379 2.6217e+00    29.9465    23.2740     4.5585          4 0.0000e+00
       2237    117.000     8.2575  31.724117    95.1961     0.0465     1.9369 2.6310e+00    29.9503    23.2764     4.5622          4 0.0000e+00
       2241    118.000     8.2567  31.730356    95.1843     0.0678     1.9374 2.6340e+00    29.9570    23.2818     4.5648          4 0.0000e+00
       2246    119.000     8.2535  31.732753    95.0749     0.1315     1.9365 2.6240e+00    29.9618    23.2860     4.5626          4 0.0000e+00
       2250    120.000     8.2552  31.740337    95.0001     0.1488     1.9368 2.6242e+00    29.9678    23.2905     4.5633          4 0.0000e+00
       2254    121.000     8.2571  31.744139    94.8303     0.1146     1.9358 2.6136e+00    29.9698    23.2919     4.5567          4 0.0000e+00
       2258    122.000     8.2544  31.746038    94.5940     0.0492     1.9352 2.6251e+00    29.9737    23.2953     4.5524          4 0.0000e+00
       2262    123.000     8.2530  31.746553    94.6286     0.0646     1.9324 2.6232e+00    29.9749    23.2965     4.5239          5 0.0000e+00
       2266    124.000     8.2540  31.750113    94.6225     0.0722     1.9260 2.6241e+00    29.9774    23.2983     4.4811          4 0.0000e+00
       2270    125.000     8.2540  31.757182    94.6155     0.0858     1.9168 2.6266e+00    29.9844    23.3038     4.4454          4 0.0000e+00
       2275    126.000     8.2620  31.773336    94.5740     0.0678     1.9078 2.6292e+00    29.9940    23.3102     4.4203          4 0.0000e+00
       2279    127.000     8.2829  31.804765    94.4900     0.0636     1.9003 2.6212e+00    30.0087    23.3187     4.4132          4 0.0000e+00
       2283    128.000     8.2966  31.826859    94.4148     0.0784     1.8971 2.6298e+00    30.0195    23.3253     4.4204          4 0.0000e+00
       2287    129.000     8.3023  31.836715    94.3256     0.0650     1.8947 2.6291e+00    30.0245    23.3284     4.4163          5 0.0000e+00
       2291    130.000     8.3014  31.840127    94.0421     0.0559     1.8932 2.6202e+00    30.0285    23.3317     4.4129          4 0.0000e+00
       2295    131.000     8.2988  31.839500    93.8497     0.0470     1.8906 2.6259e+00    30.0296    23.3329     4.3913          4 0.0000e+00
       2299    132.000     8.2968  31.840113    93.9424     0.0502     1.8853 2.6221e+00    30.0316    23.3347     4.3627          4 0.0000e+00
       2303    133.000     8.3022  31.849332    93.9845     0.0547     1.8792 2.6263e+00    30.0361    23.3375     4.3488          4 0.0000e+00
       2307    134.000     8.3141  31.863945    93.9362     0.0550     1.8753 2.6267e+00    30.0408    23.3396     4.3533          4 0.0000e+00
       2311    135.000     8.3300  31.882816    94.0574     0.0509     1.8748 2.6312e+00    30.0465    23.3418     4.3692          4 0.0000e+00
       2315    136.000     8.3371  31.891695    94.3028     0.0424     1.8756 2.6247e+00    30.0493    23.3429     4.3700          4 0.0000e+00
       2319    137.000     8.3286  31.887020    94.5168     0.0417     1.8754 2.6172e+00    30.0513    23.3458     4.3646          4 0.0000e+00
       2323    138.000     8.3183  31.879427    94.4709     0.0460     1.8743 2.6191e+00    30.0517    23.3476     4.3617          4 0.0000e+00
       2327    139.000     8.3162  31.882508    94.2532     0.0505     1.8736 2.6169e+00    30.0563    23.3515     4.3606          4 0.0000e+00
       2331    140.000     8.3187  31.888216    94.2738     0.0419     1.8730 2.6144e+00    30.0597    23.3538     4.3592          4 0.0000e+00
       2335    141.000     8.3196  31.890035    94.2409     0.0417     1.8720 2.6192e+00    30.0604    23.3542     4.3546          4 0.0000e+00
       2340    142.000     8.3202  31.891421    94.2408     0.0372     1.8708 2.6295e+00    30.0609    23.3545     4.3473          4 0.0000e+00
       2344    143.000     8.3210  31.892866    94.3803     0.0466     1.8689 2.6265e+00    30.0613    23.3548     4.3332          4 0.0000e+00
       2348    144.000     8.3231  31.896658    94.4317     0.0603     1.8650 2.6161e+00    30.0631    23.3558     4.3108          4 0.0000e+00
       2352    145.000     8.3286  31.906167    94.4135     0.0643     1.8600 2.6249e+00    30.0679    23.3589     4.2847          4 0.0000e+00
       2356    146.000     8.3312  31.911240    94.3570     0.0543     1.8538 2.6162e+00    30.0705    23.3605     4.2655          4 0.0000e+00
       2360    147.000     8.3377  31.930761    94.3189     0.0506     1.8476 2.6173e+00    30.0849    23.3710     4.2381          5 0.0000e+00
       2364    148.000     8.3439  31.948211    94.1140     0.0466     1.8401 2.6191e+00    30.0974    23.3799     4.2123          4 0.0000e+00
       2368    149.000     8.3494  31.961163    93.8030     0.0421     1.8334 2.6170e+00    30.1058    23.3857     4.2005          4 0.0000e+00
       2372    150.000     8.3576  31.980164    93.5714     0.0501     1.8286 2.6168e+00    30.1182    23.3942     4.1995          4 0.0000e+00
       2376    151.000     8.3681  31.996697    93.3399     0.0506     1.8263 2.6168e+00    30.1260    23.3989     4.2034          4 0.0000e+00
       2380    152.000     8.3714  32.003522    92.9813     0.0462     1.8253 2.6168e+00    30.1299    23.4014     4.2074          4 0.0000e+00
       2384    153.000     8.3609  31.998539    92.7776     0.0769     1.8250 2.6168e+00    30.1332    23.4055     4.2110          4 0.0000e+00
       2389    154.000     8.3606  32.003961    92.8847     0.1447     1.8250 2.6143e+00    30.1388    23.4100     4.2121          4 0.0000e+00
       2393    155.000     8.3501  31.997781    92.9256     0.2187     1.8247 2.6091e+00    30.1408    23.4131     4.2024          4 0.0000e+00
       2397    156.000     8.3472  32.000299    92.6923     0.2812     1.8221 2.6174e+00    30.1456    23.4172     4.1860          4 0.0000e+00
       2401    157.000     8.3463  32.006826    93.2087     0.1135     1.8189 2.6088e+00    30.1527    23.4230     4.1724          4 0.0000e+00
       2405    158.000     8.3489  32.021286    93.3669     0.0633     1.8152 2.6095e+00    30.1651    23.4323     4.1651          4 0.0000e+00
       2409    159.000     8.3609  32.046030    93.5997     0.0384     1.8138 2.6094e+00    30.1803    23.4425     4.1700          4 0.0000e+00
       2413    160.000     8.3640  32.051363    93.8848     0.0435     1.8124 2.6075e+00    30.1827    23.4440     4.1658          5 0.0000e+00
       2417    161.000     8.3648  32.052923    93.8493     0.0867     1.8111 2.6070e+00    30.1833    23.4443     4.1544          4 0.0000e+00
       2421    162.000     8.3673  32.056558    93.9204     0.1315     1.8079 2.6115e+00    30.1844    23.4448     4.1297          4 0.0000e+00
       2425    163.000     8.3694  32.059658    93.9643     0.1389     1.8021 2.6073e+00    30.1855    23.4454     4.1040          4 0.0000e+00
       2429    164.000     8.3746  32.067241    94.0860     0.1392     1.7966 2.6070e+00    30.1885    23.4471     4.0826          4 0.0000e+00
       2433    165.000     8.3924  32.093548    93.8755     0.1433     1.7900 2.6093e+00    30.2002    23.4537     4.0598          4 0.0000e+00
       2437    166.000     8.4077  32.117752    94.0021     0.1479     1.7842 2.6071e+00    30.2120    23.4608     4.0463          4 0.0000e+00
       2441    167.000     8.4260  32.147133    94.0067     0.1654     1.7790 2.6070e+00    30.2265    23.4695     4.0204          4 0.0000e+00
       2446    168.000     8.4326  32.159059    94.0204     0.1658     1.7711 2.6095e+00    30.2328    23.4735     3.9799          4 0.0000e+00
       2450    169.000     8.4396  32.170686    94.0130     0.1563     1.7611 2.6042e+00    30.2385    23.4770     3.9405          4 0.0000e+00
       2454    170.000     8.4548  32.193310    93.9992     0.1522     1.7517 2.6019e+00    30.2486    23.4827     3.9089          4 0.0000e+00
       2458    171.000     8.4886  32.240363    93.9280     0.1477     1.7414 2.6021e+00    30.2682    23.4932     3.8602          4 0.0000e+00
       2462    172.000     8.5125  32.277922    93.7220     0.0612     1.7275 2.6047e+00    30.2863    23.5039     3.7810          4 0.0000e+00
       2466    173.000     8.5238  32.296253    93.4581     0.0540     1.7087 2.6072e+00    30.2953    23.5093     3.6999          4 0.0000e+00
       2470    174.000     8.5630  32.356342    93.7267     0.0827     1.6885 2.6035e+00    30.3237    23.5259     3.6509          5 0.0000e+00
       2474    175.000     8.6167  32.437692    93.9695     0.0505     1.6741 2.6029e+00    30.3617    23.5479     3.6264          3 0.0000e+00
       2478    176.000     8.6807  32.531476    94.2887     0.0613     1.6621 2.6016e+00    30.4035    23.5713     3.5901          5 0.0000e+00
       2482    177.000     8.6996  32.559278    94.5773     0.0392     1.6498 2.5998e+00    30.4157    23.5781     3.5397          4 0.0000e+00
       2486    178.000     8.7214  32.587975    94.6639     0.0332     1.6354 2.6019e+00    30.4263    23.5831     3.4942          4 0.0000e+00
       2490    179.000     8.7475  32.622722    94.8689     0.0329     1.6231 2.6044e+00    30.4394    23.5896     3.4684          4 0.0000e+00
       2494    180.000     8.7924  32.675329    95.0362     0.0329     1.6130 2.6021e+00    30.4548    23.5950     3.4520          4 0.0000e+00
       2499    181.000     8.8158  32.702894    95.1512     0.0463     1.6068 2.5971e+00    30.4628    23.5979     3.4443          4 0.0000e+00
       2503    182.000     8.8346  32.727498    95.2720     0.1132     1.6006 2.5972e+00    30.4717    23.6020     3.4196          4 0.0000e+00
       2507    183.000     8.8366  32.732222    95.3528     0.1352     1.5935 2.5996e+00    30.4744    23.6038     3.3918          4 0.0000e+00
       2511    184.000     8.8409  32.739420    95.4581     0.0687     1.5859 2.5996e+00    30.4777    23.6058     3.3725          4 0.0000e+00
       2515    185.000     8.8603  32.763646    95.4149     0.0485     1.5793 2.5996e+00    30.4857    23.6092     3.3520          4 0.0000e+00
       2519    186.000     8.8860  32.799612    95.3960     0.0311     1.5729 2.6050e+00    30.5003    23.6168     3.3253          4 0.0000e+00
       2523    187.000     8.8997  32.822610    95.4643     0.0329     1.5648 2.6115e+00    30.5118    23.6238     3.2955          5 0.0000e+00
       2527    188.000     8.9134  32.847971    95.5894     0.0288     1.5567 2.6027e+00    30.5257    23.6326     3.2664          4 0.0000e+00
       2531    189.000     8.9362  32.883589    95.6496     0.0411     1.5485 2.5997e+00    30.5425    23.6423     3.2427          4 0.0000e+00
       2535    190.000     8.9441  32.895940    95.5405     0.0331     1.5413 2.5996e+00    30.5480    23.6455     3.2248          4 0.0000e+00
       2540    191.000     8.9679  32.931057    95.4576     0.0329     1.5350 2.5996e+00    30.5633    23.6539     3.2135          4 0.0000e+00
       2544    192.000     8.9849  32.956263    95.2099     0.0329     1.5305 2.6022e+00    30.5742    23.6598     3.2040          4 0.0000e+00
       2548    193.000     8.9990  32.977186    95.1648     0.0329     1.5257 2.5996e+00    30.5832    23.6648     3.1825          5 0.0000e+00
       2552    194.000     9.0061  32.988829    95.2364     0.0289     1.5197 2.5974e+00    30.5887    23.6680     3.1619          4 0.0000e+00
       2556    195.000     9.0117  32.998156    95.3367     0.0326     1.5146 2.5949e+00    30.5930    23.6706     3.1523          4 0.0000e+00
       2560    196.000     9.0254  33.019365    95.3445     0.0329     1.5107 2.5994e+00    30.6026    23.6760     3.1430          4 0.0000e+00
       2565    197.000     9.0443  33.048241    95.2675     0.0329     1.5064 2.5945e+00    30.6157    23.6834     3.1240          4 0.0000e+00
       2569    198.000     9.0488  33.055155    95.4144     0.0329     1.5017 2.5973e+00    30.6185    23.6849     3.1060          4 0.0000e+00
       2573    199.000     9.0563  33.066645    95.3092     0.0280     1.4963 2.5972e+00    30.6234    23.6877     3.0883          4 0.0000e+00
       2577    200.000     9.0685  33.085199    95.3839     0.0365     1.4908 2.5976e+00    30.6316    23.6922     3.0635          5 0.0000e+00
       2581    201.000     9.0785  33.100183    95.5033     0.0331     1.4841 2.5972e+00    30.6379    23.6957     3.0437          4 0.0000e+00
       2585    202.000     9.0911  33.119429    95.4015     0.1402     1.4783 2.5972e+00    30.6465    23.7006     3.0310          4 0.0000e+00
       2590    203.000     9.1125  33.152743    95.4452     0.2239     1.4745 2.5972e+00    30.6618    23.7093     3.0307          4 0.0000e+00
       2594    204.000     9.1259  33.172732    95.4946     0.1150     1.4719 2.5945e+00    30.6704    23.7140     3.0247          4 0.0000e+00
       2598    205.000     9.1279  33.176530    95.4990     0.0631     1.4694 2.6001e+00    30.6722    23.7151     3.0129          4 0.0000e+00
       2602    206.000     9.1297  33.179992    95.5281     0.0634     1.4658 2.5969e+00    30.6738    23.7161     3.0017          4 0.0000e+00
       2606    207.000     9.1320  33.184041    95.5548     0.1006     1.4627 2.5957e+00    30.6755    23.7171     2.9930          5 0.0000e+00
       2610    208.000     9.1353  33.189656    95.5520     0.1328     1.4600 2.5971e+00    30.6780    23.7185     2.9887          4 0.0000e+00
       2614    209.000     9.1412  33.199146    95.5330     0.1679     1.4578 2.5949e+00    30.6822    23.7209     2.9787          4 0.0000e+00
       2618    210.000     9.1469  33.208083    95.5190     0.1744     1.4544 2.5971e+00    30.6861    23.7231     2.9685          4 0.0000e+00
       2622    211.000     9.1489  33.212129    95.5383     0.1483     1.4522 2.5996e+00    30.6881    23.7244     2.9639          4 0.0000e+00
       2627    212.000     9.1541  33.221278    95.4841     0.1346     1.4494 2.5946e+00    30.6925    23.7271     2.9555          4 0.0000e+00
       2631    213.000     9.1610  33.232349    95.3237     0.0976     1.4475 2.5921e+00    30.6976    23.7300     2.9521          4 0.0000e+00
       2635    214.000     9.1638  33.237042    95.5406     0.0371     1.4457 2.5949e+00    30.6996    23.7312     2.9480          4 0.0000e+00
       2639    215.000     9.1666  33.242552    95.5251     0.0222     1.4441 2.5947e+00    30.7024    23.7329     2.9449          4 0.0000e+00
       2643    216.000     9.1684  33.246113    95.5385     0.0294     1.4429 2.5996e+00    30.7041    23.7340     2.9417          5 0.0000e+00
       2647    217.000     9.1699  33.248876    95.5143     0.0565     1.4411 2.5930e+00    30.7052    23.7347     2.9333          4 0.0000e+00
       2651    218.000     9.1727  33.253784    95.5117     0.0800     1.4392 2.5968e+00    30.7074    23.7360     2.9238          4 0.0000e+00
       2655    219.000     9.1757  33.259758    95.5494     0.0941     1.4365 2.5972e+00    30.7106    23.7380     2.9161          4 0.0000e+00
       2659    220.000     9.1790  33.265944    95.5077     0.1325     1.4346 2.5995e+00    30.7136    23.7398     2.9119          4 0.0000e+00
       2663    221.000     9.1817  33.270445    95.4920     0.1305     1.4324 2.5925e+00    30.7154    23.7409     2.9078          4 0.0000e+00
       2668    222.000     9.1872  33.279015    95.5119     0.1348     1.4314 2.5947e+00    30.7191    23.7430     2.9063          4 0.0000e+00
