sample_CTD.cnv
* Sea-Bird SBE25 Data File:
* FileName = C:\Users\sbe25\MetroVan\MetroVan1701\hex\metrovan1701001.hex
* Software Version 1.59
* Temperature SN = 2784
* Conductivity SN = 2249
* System UpLoad Time = Feb 14 2017 15:21:28
** Station: S4-1.5
** Depth: Chart m
** Latitude = 49 15.013 N
** Longitude = 123 39.983 W
** PST (Time) = 14 Feb 2017 12:25
** Cruise: MetroVan SOG 1701 Feb 2017
** Comments:
# nquan = 13
# nvalues = 359                         
# units = specified
# name 0 = scan: Scan Count
# name 1 = prSM: Pressure, Strain Gauge [db]
# name 2 = t090C: Temperature [ITS-90, deg C]
# name 3 = c0mS/cm: Conductivity [mS/cm]
# name 4 = xmiss: Beam Transmission, Chelsea/Seatech [%]
# name 5 = wetStar: Fluorescence, WET Labs WETstar [mg/m^3]
# name 6 = sbeox0V: Oxygen raw, SBE 43 [V]
# name 7 = par: PAR/Irradiance, Biospherical/Licor
# name 8 = sal00: Salinity, Practical [PSU]
# name 9 = sigma-é00: Density [sigma-theta, kg/m^3]
# name 10 = sbeox0ML/L: Oxygen, SBE 43 [ml/l], WS = 2
# name 11 = nbin: number of scans per bin
# name 12 = flag: flag
# span 0 =        640,       3591       
# span 1 =      1.000,    359.000       
# span 2 =     5.7375,     9.8231       
# span 3 =  26.728057,  34.342310       
# span 4 =    90.5057,    97.0829       
# span 5 =     0.0327,     1.9365       
# span 6 =     1.1942,     2.5169       
# span 7 = 1.4991e+00, 5.2879e+02       
# span 8 =    26.7170,    31.2026       
# span 9 =    21.0427,    24.0248       
# span 10 =     2.1686,     6.8716      
# span 11 =          3,        713      
# span 12 = 0.0000e+00, 0.0000e+00      
# interval = decibars: 1                
# start_time = Feb 14 2017 12:24:50 [Instrument's time stamp, header]
# bad_flag = -9.990e-29
*END*
[from data line 334]
       2787    335.000     9.8116  34.286915    93.6984     0.0860     1.2170 1.9267e+00    31.1592    23.9910     2.2244          4 0.0000e+00
       2790    336.000     9.8129  34.290371    93.6570     0.0860     1.2154 1.9279e+00    31.1612    23.9923     2.2165          3 0.0000e+00
       2793    337.000     9.8175  34.300176    93.5998     0.0860     1.2130 1.9357e+00    31.1667    23.9959     2.2081          4 0.0000e+00
       2797    338.000     9.8206  34.307119    93.2720     0.0802     1.2118 1.9423e+00    31.1706    23.9984     2.2051          3 0.0000e+00
       2800    339.000     9.8220  34.310432    92.8991     0.0860     1.2090 1.9395e+00    31.1724    23.9996     2.1965          4 0.0000e+00
       2804    340.000     9.8225  34.313336    92.8355     0.0860     1.2077 1.9327e+00    31.1744    24.0011     2.1949          3 0.0000e+00
       2808    341.000     9.8223  34.316663    92.6034     0.0860     1.2060 1.9434e+00    31.1775    24.0036     2.1926          4 0.0000e+00
       2811    342.000     9.8222  34.318843    92.6319     0.0860     1.2052 1.9323e+00    31.1794    24.0051     2.1935          3 0.0000e+00
       2815    343.000     9.8224  34.320105    92.5705     0.0860     1.2040 1.9400e+00    31.1801    24.0057     2.1873          4 0.0000e+00
       2818    344.000     9.8227  34.321121    92.5497     0.0860     1.2030 1.9447e+00    31.1805    24.0059     2.1862          4 0.0000e+00
       2822    345.000     9.8231  34.322294    92.3927     0.0860     1.2021 1.9472e+00    31.1809    24.0062     2.1873          3 0.0000e+00
       2825    346.000     9.8231  34.323906    92.4129     0.0818     1.2020 1.9433e+00    31.1820    24.0071     2.1862          4 0.0000e+00
       2829    347.000     9.8226  34.326127    92.3996     0.0859     1.2008 1.9402e+00    31.1843    24.0089     2.1827          3 0.0000e+00
       2832    348.000     9.8228  34.328353    92.2977     0.0860     1.2008 1.9519e+00    31.1860    24.0102     2.1841          4 0.0000e+00
       2836    349.000     9.8231  34.329505    92.2656     0.0918     1.2000 1.9498e+00    31.1865    24.0107     2.1784          3 0.0000e+00
       2840    350.000     9.8231  34.330271    92.2522     0.0861     1.1994 1.9450e+00    31.1869    24.0110     2.1816          6 0.0000e+00
       2848    351.000     9.8231  34.331030    92.3292     0.0860     1.1988 1.9509e+00    31.1872    24.0112     2.1806          7 0.0000e+00
       2854    352.000     9.8230  34.331942    92.6247     0.0860     1.1987 1.9511e+00    31.1878    24.0117     2.1772          6 0.0000e+00
       2860    353.000     9.8223  34.334287    92.5365     0.0860     1.1967 1.9534e+00    31.1903    24.0138     2.1694          7 0.0000e+00
       2867    354.000     9.8217  34.336239    92.4259     0.0860     1.1959 1.9554e+00    31.1924    24.0156     2.1715          7 0.0000e+00
       2877    355.000     9.8213  34.337244    92.3936     0.0867     1.1949 1.9583e+00    31.1934    24.0164     2.1686         18 0.0000e+00
       2955    356.000     9.8195  34.337943    92.8255     0.0886     1.1942 1.9846e+00    31.1952    24.0181     2.1715         72 0.0000e+00
       2963    357.000     9.8159  34.338456    92.8809     0.0860     1.1959 1.9849e+00    31.1985    24.0213     2.1745          7 0.0000e+00
       2970    358.000     9.8149  34.340361    93.0272     0.0860     1.1954 1.9851e+00    31.2008    24.0232     2.1702          7 0.0000e+00
       3591    359.000     9.8146  34.342310    93.3655     0.1112     1.1946 2.1258e+00    31.2026    24.0248     2.1719        713 0.0000e+00
