sample_CTD_2.cnv
* Sea-Bird SBE25 Data File:
* FileName = C:\Users\sbe25\MetroVan\MetroVan1702\hex\MetroVan1702004.hex
* Software Version 1.59
* Temperature SN = 2784
* Conductivity SN = 2249
* System UpLoad Time = May 10 2017 10:50:15
** Station: S4-1.5
** Depth: 370 m
** Latitude = 49 15.102 N
** Longitude = 123 39.965 W
** PDT (Time) = 09 May 2017 10:58
** Cruise: MetroVan 1702 May 2017 - Day 3: May 9
** Comments:
# nquan = 13
# nvalues = 306                         
# units = specified
# name 0 = scan: Scan Count
# name 1 = prSM: Pressure, Strain Gauge [db]
# name 2 = t090C: Temperature [ITS-90, deg C]
# name 3 = c0mS/cm: Conductivity [mS/cm]
# name 4 = xmiss: Beam Transmission, Chelsea/Seatech [%]
# name 5 = wetStar: Fluorescence, WET Labs WETstar [mg/m^3]
# name 6 = sbeox0V: Oxygen raw, SBE 43 [V]
# name 7 = par: PAR/Irradiance, Biospherical/Licor
# name 8 = sal00: Salinity, Practical [PSU]
# name 9 = sigma-?0: Density [sigma-theta, kg/m^3]
# name 10 = sbeox0ML/L: Oxygen, SBE 43 [ml/l], WS = 2
# name 11 = nbin: number of scans per bin
# name 12 = flag: flag
# span 0 =        501,       3738       
# span 1 =      1.000,    306.000       
# span 2 =     8.2463,    12.3089       
# span 3 =  29.293818,  33.993751       
# span 4 =    82.7672,    96.7912       
# span 5 =     0.0116,    12.1967       
# span 6 =     1.2054,     2.9641       
# span 7 = 2.5838e+00, 9.7606e+02       
# span 8 =    24.5980,    31.0244       
# span 9 =    18.4778,    23.9128       
# span 10 =     2.2044,     7.2983      
# span 11 =          3,        248      
# span 12 = 0.0000e+00, 0.0000e+00      
# interval = decibars: 1                
# start_time = May 09 2017 09:57:02 [Instrument's time stamp, header]
# bad_flag = -9.990e-29
*END*
        501      1.000    12.2414  29.293818    88.8976     1.5084     2.8814 9.7606e+02    24.6191    18.5008     7.0281        175 0.0000e+00
        712      2.000    12.2803  29.298926    88.5851     1.5726     2.8757 7.1434e+02    24.5980    18.4778     7.0089         46 0.0000e+00
        839      3.000    12.3089  29.383599    88.8874     1.8392     2.8867 4.9352e+02    24.6574    18.5188     7.0408        166 0.0000e+00
        957      4.000    12.0212  29.598098    86.7405     4.4509     2.9240 3.5951e+02    25.0482    18.8705     7.1811        202 0.0000e+00
       1099      5.000    11.7280  29.903560    85.5099    12.1967     2.9641 2.4913e+02    25.5317    19.2947     7.2983         23 0.0000e+00
       1217      6.000    10.9098  29.973679    82.7672    10.5228     2.8651 1.9970e+02    26.1703    19.9251     7.1101        168 0.0000e+00
       1328      7.000    10.4154  30.052805    91.2914     4.2050     2.7990 1.4301e+02    26.6054    20.3417     6.9848        167 0.0000e+00
       1453      8.000    10.1872  30.110724    93.9141     4.6651     2.7661 9.9414e+01    26.8268    20.5500     6.9191         15 0.0000e+00
       1584      9.000    10.1490  30.132031    91.0628     8.0058     2.7673 8.7752e+01    26.8756    20.5940     6.9248        236 0.0000e+00
       1707     10.000     9.9882  30.188239    87.9176    11.3244     2.6721 7.3576e+01    27.0505    20.7549     6.5470         21 0.0000e+00
       1730     11.000     9.7429  30.339046    87.3650     6.8816     2.6116 5.8976e+01    27.3847    21.0527     6.4495         21 0.0000e+00
       1750     12.000     9.5365  30.459606    92.2817     2.5693     2.5555 4.7506e+01    27.6625    21.3004     6.2174         15 0.0000e+00
       1759     13.000     9.4727  30.480937    92.5622     3.8367     2.4793 4.0903e+01    27.7328    21.3649     5.8591          7 0.0000e+00
       1766     14.000     9.3807  30.528627    91.6739     4.2844     2.4079 3.4944e+01    27.8517    21.4714     5.6588          6 0.0000e+00
       1771     15.000     9.2716  30.580601    90.8660     5.2788     2.3684 2.9281e+01    27.9889    21.5946     5.6241          5 0.0000e+00
       1776     16.000     9.0972  30.662894    88.8687     5.2817     2.3372 2.4473e+01    28.2091    21.7922     5.4878          4 0.0000e+00
       1780     17.000     9.0626  30.676097    89.6066     4.5787     2.2804 2.0604e+01    28.2494    21.8288     5.1718          5 0.0000e+00
       1785     18.000     9.0396  30.681114    91.7219     3.8793     2.2075 1.8102e+01    28.2724    21.8501     4.9514          5 0.0000e+00
       1789     19.000     8.9645  30.665701    92.0985     5.1465     2.1489 1.5758e+01    28.3160    21.8952     4.8762          4 0.0000e+00
       1794     20.000     8.7425  30.633209    90.5446     5.5834     2.1127 1.3584e+01    28.4598    22.0396     4.8927          5 0.0000e+00
       1798     21.000     8.6589  30.728803    88.9711     4.6673     2.0926 1.1580e+01    28.6249    22.1807     4.9008          4 0.0000e+00
       1803     22.000     8.5980  30.745550    89.5583     3.3221     2.0794 1.0114e+01    28.6911    22.2411     4.8932          5 0.0000e+00
       1808     23.000     8.5115  30.712502    91.7555     2.2044     2.0703 9.1322e+00    28.7269    22.2814     4.8868          4 0.0000e+00
       1812     24.000     8.4774  30.724495    93.1235     1.6035     2.0606 8.2485e+00    28.7666    22.3173     4.8487          5 0.0000e+00
       1817     25.000     8.4749  30.771945    93.6725     1.1908     2.0489 7.5637e+00    28.8174    22.3573     4.8047          4 0.0000e+00
       1821     26.000     8.4691  30.793962    94.2357     1.0309     2.0378 6.9857e+00    28.8445    22.3794     4.7749          5 0.0000e+00
       1826     27.000     8.4462  30.828322    94.8322     0.9879     2.0271 6.5355e+00    28.8984    22.4248     4.7448          5 0.0000e+00
       1830     28.000     8.4314  30.853779    95.4236     0.8841     2.0157 6.0822e+00    28.9365    22.4568     4.7094          4 0.0000e+00
       1835     29.000     8.4338  30.881872    95.2121     0.8646     2.0058 5.6368e+00    28.9631    22.4773     4.6886          5 0.0000e+00
       1840     30.000     8.4232  30.923666    95.3716     0.6100     1.9968 5.1693e+00    29.0148    22.5192     4.6644          4 0.0000e+00
       1844     31.000     8.4137  30.959043    95.4009     0.7612     1.9898 4.7662e+00    29.0589    22.5551     4.6484          5 0.0000e+00
       1849     32.000     8.4205  30.978107    95.4306     1.3213     1.9823 4.4453e+00    29.0726    22.5649     4.6235          5 0.0000e+00
       1854     33.000     8.4168  30.999041    95.7787     1.3522     1.9748 4.2113e+00    29.0970    22.5846     4.6057          4 0.0000e+00
       1858     34.000     8.4109  31.006429    95.9798     0.9831     1.9687 4.0221e+00    29.1091    22.5949     4.5897          5 0.0000e+00
       1863     35.000     8.4054  31.016894    96.0214     0.6145     1.9626 3.8423e+00    29.1242    22.6074     4.5746          5 0.0000e+00
       1868     36.000     8.4027  31.026258    96.2005     0.4241     1.9575 3.7003e+00    29.1357    22.6169     4.5651          5 0.0000e+00
       1873     37.000     8.3986  31.043668    96.3598     0.3216     1.9537 3.5457e+00    29.1567    22.6339     4.5599          4 0.0000e+00
       1877     38.000     8.3982  31.055718    96.4416     0.3158     1.9499 3.4383e+00    29.1691    22.6438     4.5374          5 0.0000e+00
       1882     39.000     8.3989  31.058631    96.4847     0.3405     1.9441 3.3261e+00    29.1712    22.6453     4.5238          5 0.0000e+00
       1887     40.000     8.4008  31.070225    96.5360     0.2977     1.9415 3.2931e+00    29.1812    22.6529     4.5339          5 0.0000e+00
       1891     41.000     8.4133  31.125274    96.4962     0.3672     1.9410 3.1631e+00    29.2277    22.6874     4.5314          4 0.0000e+00
       1896     42.000     8.4375  31.189965    96.6784     0.3233     1.9394 3.1173e+00    29.2743    22.7205     4.5188          5 0.0000e+00
       1901     43.000     8.4376  31.198153    96.6482     0.2504     1.9375 3.0566e+00    29.2823    22.7268     4.5078          5 0.0000e+00
       1905     44.000     8.4336  31.204843    96.6678     0.2201     1.9342 2.9996e+00    29.2921    22.7351     4.4833          4 0.0000e+00
       1910     45.000     8.4164  31.204562    96.6159     0.2308     1.9269 2.9586e+00    29.3057    22.7481     4.4486          5 0.0000e+00
       1914     46.000     8.4189  31.221802    96.6552     0.2277     1.9194 2.9248e+00    29.3211    22.7599     4.4278          4 0.0000e+00
       1919     47.000     8.4145  31.249378    96.6515     0.2277     1.9128 2.8999e+00    29.3530    22.7855     4.4087          5 0.0000e+00
       1924     48.000     8.4185  31.280031    96.6007     0.3322     1.9060 2.8746e+00    29.3811    22.8069     4.3929          4 0.0000e+00
       1928     49.000     8.4210  31.290269    96.7683     0.2627     1.9014 2.8487e+00    29.3892    22.8130     4.3893          5 0.0000e+00
       1933     50.000     8.4247  31.310222    96.7268     0.1966     1.8976 2.8099e+00    29.4064    22.8259     4.3785          5 0.0000e+00
       1938     51.000     8.4276  31.325422    96.7626     0.2588     1.8949 2.8005e+00    29.4193    22.8356     4.3788          4 0.0000e+00
       1942     52.000     8.4278  31.327136    96.7912     0.2126     1.8932 2.7859e+00    29.4206    22.8365     4.3776          5 0.0000e+00
       1947     53.000     8.4289  31.334357    96.7499     0.1697     1.8920 2.7743e+00    29.4268    22.8413     4.3726          5 0.0000e+00
       1951     54.000     8.4302  31.343517    96.7170     0.1403     1.8901 2.7566e+00    29.4348    22.8474     4.3698          4 0.0000e+00
       1956     55.000     8.4326  31.359378    96.6941     0.1320     1.8895 2.7195e+00    29.4488    22.8580     4.3730          5 0.0000e+00
       1961     56.000     8.4353  31.375325    96.7165     0.1303     1.8903 2.6986e+00    29.4627    22.8686     4.3858          4 0.0000e+00
       1965     57.000     8.4368  31.383990    96.7667     0.1472     1.8921 2.7363e+00    29.4701    22.8741     4.3933          5 0.0000e+00
       1970     58.000     8.4378  31.391587    96.7225     0.2523     1.8941 2.7283e+00    29.4767    22.8792     4.3999          5 0.0000e+00
       1974     59.000     8.4393  31.401898    96.3592     0.1887     1.8961 2.6998e+00    29.4857    22.8861     4.4065          4 0.0000e+00
       1979     60.000     8.4408  31.412424    96.6694     0.1638     1.8979 2.6974e+00    29.4950    22.8930     4.4136          5 0.0000e+00
       1984     61.000     8.4420  31.421090    96.7454     0.1566     1.9002 2.6968e+00    29.5025    22.8988     4.4230          4 0.0000e+00
       1988     62.000     8.4440  31.432730    96.7202     0.1090     1.9033 2.6911e+00    29.5126    22.9065     4.4370          5 0.0000e+00
       1993     63.000     8.4456  31.444595    96.7211     0.1074     1.9068 2.6795e+00    29.5231    22.9144     4.4589          5 0.0000e+00
       1997     64.000     8.4471  31.458735    96.7224     0.1126     1.9138 2.6741e+00    29.5361    22.9245     4.5080          4 0.0000e+00
       2002     65.000     8.4450  31.480357    96.6398     0.1072     1.9263 2.6710e+00    29.5599    22.9434     4.5675          5 0.0000e+00
       2007     66.000     8.4414  31.488567    96.5491     0.1106     1.9394 2.6730e+00    29.5710    22.9526     4.5950          5 0.0000e+00
       2011     67.000     8.4385  31.491017    96.3984     0.1385     1.9479 2.6741e+00    29.5756    22.9566     4.5956          4 0.0000e+00
       2016     68.000     8.4367  31.495232    96.3840     0.1357     1.9523 2.6671e+00    29.5811    22.9612     4.5903          5 0.0000e+00
       2021     69.000     8.4321  31.496718    96.2583     0.1935     1.9526 2.6742e+00    29.5861    22.9657     4.5695          4 0.0000e+00
       2025     70.000     8.4243  31.498420    96.2496     0.1923     1.9510 2.6688e+00    29.5939    22.9730     4.5700          5 0.0000e+00
       2030     71.000     8.4193  31.501312    96.1267     0.2842     1.9513 2.6652e+00    29.6007    22.9791     4.5793          5 0.0000e+00
       2034     72.000     8.4149  31.502446    96.1792     0.2421     1.9523 2.6568e+00    29.6051    22.9832     4.5828          4 0.0000e+00
       2039     73.000     8.4159  31.505922    96.1806     0.1324     1.9518 2.6690e+00    29.6076    22.9850     4.5644          5 0.0000e+00
       2044     74.000     8.4162  31.508122    96.0760     0.1025     1.9479 2.6560e+00    29.6092    22.9861     4.5314          4 0.0000e+00
       2048     75.000     8.4164  31.514138    96.0355     0.0965     1.9390 2.6611e+00    29.6148    22.9905     4.4694          5 0.0000e+00
       2053     76.000     8.4163  31.520126    95.9235     0.0966     1.9249 2.6591e+00    29.6207    22.9953     4.4165          5 0.0000e+00
       2058     77.000     8.4085  31.525964    96.0141     0.1038     1.9116 2.6391e+00    29.6329    23.0059     4.3866          4 0.0000e+00
       2062     78.000     8.4154  31.546913    96.1872     0.1111     1.9006 2.6515e+00    29.6485    23.0172     4.3643          5 0.0000e+00
       2067     79.000     8.4188  31.553534    96.3067     0.1075     1.8937 2.6567e+00    29.6521    23.0195     4.3704          5 0.0000e+00
       2071     80.000     8.4215  31.559367    96.3475     0.1915     1.8922 2.6516e+00    29.6555    23.0218     4.4019          4 0.0000e+00
       2076     81.000     8.4240  31.566155    96.3754     0.1462     1.8957 2.6337e+00    29.6600    23.0249     4.4177          5 0.0000e+00
       2081     82.000     8.4188  31.566112    96.3732     0.0964     1.8979 2.6471e+00    29.6639    23.0288     4.4302          5 0.0000e+00
       2086     83.000     8.4104  31.563360    96.2454     0.1643     1.9013 2.6546e+00    29.6677    23.0329     4.4343          5 0.0000e+00
       2091     84.000     8.4104  31.565082    96.2476     0.1522     1.9019 2.6591e+00    29.6691    23.0341     4.4185          4 0.0000e+00
       2095     85.000     8.4024  31.564422    96.2795     0.0995     1.9004 2.6568e+00    29.6747    23.0396     4.4285          5 0.0000e+00
       2100     86.000     8.3994  31.573471    96.3054     0.0887     1.9039 2.6570e+00    29.6862    23.0490     4.4564          5 0.0000e+00
       2105     87.000     8.3935  31.581702    96.2009     0.1085     1.9082 2.6549e+00    29.6993    23.0602     4.4624          5 0.0000e+00
       2110     88.000     8.3791  31.574665    96.3827     0.1036     1.9094 2.6550e+00    29.7037    23.0657     4.4531          5 0.0000e+00
       2115     89.000     8.3783  31.575321    96.3136     0.1001     1.9061 2.6530e+00    29.7046    23.0665     4.4062          5 0.0000e+00
       2120     90.000     8.3776  31.576843    96.2286     0.0860     1.8966 2.6231e+00    29.7064    23.0680     4.3713          5 0.0000e+00
       2125     91.000     8.3861  31.595845    96.2654     0.0860     1.8916 2.6368e+00    29.7186    23.0764     4.3883          5 0.0000e+00
       2130     92.000     8.4034  31.620877    96.2352     0.0894     1.8925 2.6390e+00    29.7296    23.0826     4.4069          5 0.0000e+00
       2135     93.000     8.3971  31.624017    96.2140     0.0815     1.8934 2.6465e+00    29.7378    23.0899     4.4057          4 0.0000e+00
       2139     94.000     8.3664  31.610849    96.3944     0.1020     1.8943 2.6340e+00    29.7495    23.1034     4.4176          5 0.0000e+00
       2144     95.000     8.3562  31.608099    96.4995     0.3003     1.8962 2.6290e+00    29.7549    23.1091     4.4327          5 0.0000e+00
       2149     96.000     8.3463  31.608971    96.1784     0.1694     1.8992 2.6367e+00    29.7637    23.1174     4.4458          5 0.0000e+00
       2153     97.000     8.3342  31.610290    96.3322     0.1321     1.9027 2.6389e+00    29.7749    23.1279     4.4596          4 0.0000e+00
       2158     98.000     8.3210  31.610684    96.3549     0.1258     1.9051 2.6519e+00    29.7860    23.1385     4.4611          4 0.0000e+00
       2162     99.000     8.3180  31.609798    96.3763     0.1018     1.9063 2.6434e+00    29.7872    23.1399     4.4512          4 0.0000e+00
       2166    100.000     8.3135  31.608436    96.3240     0.0820     1.9037 2.6369e+00    29.7892    23.1421     4.4298          5 0.0000e+00
       2170    101.000     8.3134  31.610903    96.3212     0.0773     1.9014 2.6317e+00    29.7914    23.1438     4.4359          4 0.0000e+00
       2175    102.000     8.3168  31.618829    96.2885     0.0754     1.9015 2.6350e+00    29.7964    23.1473     4.4423          5 0.0000e+00
       2179    103.000     8.3222  31.640041    96.2754     0.1256     1.9022 2.6365e+00    29.8135    23.1599     4.4523          4 0.0000e+00
       2183    104.000     8.3118  31.647448    96.2998     0.1641     1.9040 2.6318e+00    29.8296    23.1740     4.4654          4 0.0000e+00
       2188    105.000     8.3058  31.648844    96.0388     0.0945     1.9078 2.6241e+00    29.8358    23.1797     4.5000          4 0.0000e+00
       2192    106.000     8.2947  31.653305    96.1316     0.0669     1.9148 2.6346e+00    29.8494    23.1920     4.5359          4 0.0000e+00
       2196    107.000     8.2881  31.664672    96.1344     0.0586     1.9232 2.6422e+00    29.8664    23.2063     4.5686          4 0.0000e+00
       2200    108.000     8.2874  31.679893    96.0380     0.0497     1.9308 2.6062e+00    29.8824    23.2189     4.5820          4 0.0000e+00
       2204    109.000     8.2742  31.691379    95.8822     0.0787     1.9369 2.6251e+00    29.9053    23.2387     4.5971          5 0.0000e+00
       2208    110.000     8.2560  31.693698    95.6595     0.0692     1.9413 2.6401e+00    29.9226    23.2549     4.5958          4 0.0000e+00
       2212    111.000     8.2505  31.693656    95.5377     0.0558     1.9440 2.6322e+00    29.9269    23.2590     4.5967          4 0.0000e+00
