sample_CTD_2.cnv
* Sea-Bird SBE25 Data File:
* FileName = C:\Users\sbe25\MetroVan\MetroVan1702\hex\MetroVan1702004.hex
* Software Version 1.59
* Temperature SN = 2784
* Conductivity SN = 2249
* System UpLoad Time = May 10 2017 10:50:15
** Station: S4-1.5
** Depth: 370 m
** Latitude = 49 15.102 N
** Longitude = 123 39.965 W
** PDT (Time) = 09 May 2017 10:58
** Cruise: MetroVan 1702 May 2017 - Day 3: May 9
** Comments:
# nquan = 13
# nvalues = 306                         
# units = specified
# name 0 = scan: Scan Count
# name 1 = prSM: Pressure, Strain Gauge [db]
# name 2 = t090C: Temperature [ITS-90, deg C]
# name 3 = c0mS/cm: Conductivity [mS/cm]
# name 4 = xmiss: Beam Transmission, Chelsea/Seatech [%]
# name 5 = wetStar: Fluorescence, WET Labs WETstar [mg/m^3]
# name 6 = sbeox0V: Oxygen raw, SBE 43 [V]
# name 7 = par: PAR/Irradiance, Biospherical/Licor
# name 8 = sal00: Salinity, Practical [PSU]
# name 9 = sigma-?0: Density [sigma-theta, kg/m^3]
# name 10 = sbeox0ML/L: Oxygen, SBE 43 [ml/l], WS = 2
# name 11 = nbin: number of scans per bin
# name 12 = flag: flag
# span 0 =        501,       3738       
# span 1 =      1.000,    306.000       
# span 2 =     8.2463,    12.3089       
# span 3 =  29.293818,  33.993751       
# span 4 =    82.7672,    96.7912       
# span 5 =     0.0116,    12.1967       
# span 6 =     1.2054,     2.9641       
# span 7 = 2.5838e+00, 9.7606e+02       
# span 8 =    24.5980,    31.0244       
# span 9 =    18.4778,    23.9128       
# span 10 =     2.2044,     7.2983      
# span 11 =          3,        248      
# span 12 = 0.0000e+00, 0.0000e+00      
# interval = decibars: 1                
# start_time = May 09 2017 09:57:02 [Instrument's time stamp, header]
# bad_flag = -9.990e-29
*END*
[from data line 223]
       2676    224.000     9.1936  33.288472    95.1510     0.1392     1.4274 2.5945e+00    30.7224    23.7446     2.8866          4 0.0000e+00
       2680    225.000     9.1983  33.294935    95.3950     0.1392     1.4249 2.5947e+00    30.7245    23.7456     2.8699          4 0.0000e+00
       2684    226.000     9.2037  33.302290    95.5684     0.1345     1.4195 2.5999e+00    30.7271    23.7468     2.8389          4 0.0000e+00
       2688    227.000     9.2117  33.313130    95.5148     0.1300     1.4128 2.5996e+00    30.7308    23.7485     2.8120          4 0.0000e+00
       2692    228.000     9.2251  33.329892    95.5480     0.1548     1.4056 2.5996e+00    30.7361    23.7505     2.7893          4 0.0000e+00
       2696    229.000     9.2576  33.372791    95.5919     0.1144     1.3992 2.5957e+00    30.7516    23.7577     2.7707          5 0.0000e+00
       2700    230.000     9.2700  33.392121    95.6102     0.0646     1.3930 2.5970e+00    30.7603    23.7626     2.7511          4 0.0000e+00
       2704    231.000     9.2803  33.410787    95.5576     0.1276     1.3868 2.5949e+00    30.7701    23.7687     2.7328          4 0.0000e+00
       2708    232.000     9.2917  33.430561    95.5275     0.0823     1.3812 2.5969e+00    30.7801    23.7747     2.7180          4 0.0000e+00
       2712    233.000     9.3061  33.450830    95.6427     0.0895     1.3759 2.5949e+00    30.7880    23.7788     2.7068          4 0.0000e+00
       2716    234.000     9.3043  33.455848    95.5515     0.0988     1.3720 2.5924e+00    30.7942    23.7839     2.6996          4 0.0000e+00
       2720    235.000     9.2981  33.453399    95.5908     0.0432     1.3683 2.5922e+00    30.7966    23.7868     2.6893          4 0.0000e+00
       2724    236.000     9.2990  33.456901    95.5787     0.0330     1.3645 2.5922e+00    30.7990    23.7885     2.6727          4 0.0000e+00
       2729    237.000     9.3130  33.475673    95.5384     0.0285     1.3593 2.5972e+00    30.8057    23.7916     2.6502          4 0.0000e+00
       2733    238.000     9.3215  33.486094    95.4900     0.0193     1.3536 2.5972e+00    30.8087    23.7926     2.6322          4 0.0000e+00
       2737    239.000     9.3458  33.517151    95.4776     0.0475     1.3490 2.5972e+00    30.8190    23.7969     2.6169          4 0.0000e+00
       2741    240.000     9.3614  33.541588    95.5360     0.0271     1.3426 2.5919e+00    30.8301    23.8032     2.5835          4 0.0000e+00
       2745    241.000     9.3760  33.563532    95.5986     0.0187     1.3349 2.5977e+00    30.8395    23.8084     2.5654          4 0.0000e+00
       2749    242.000     9.3732  33.563329    95.6242     0.0187     1.3300 2.5917e+00    30.8413    23.8102     2.5650          5 0.0000e+00
       2753    243.000     9.3839  33.582454    95.5514     0.0155     1.3274 2.5967e+00    30.8512    23.8162     2.5678          4 0.0000e+00
       2757    244.000     9.4104  33.618214    95.3665     0.0152     1.3255 2.5904e+00    30.8644    23.8225     2.5628          4 0.0000e+00
       2761    245.000     9.4245  33.635255    95.4586     0.0277     1.3242 2.5898e+00    30.8692    23.8241     2.5629          4 0.0000e+00
       2765    246.000     9.4321  33.644518    95.5753     0.0199     1.3232 2.5922e+00    30.8717    23.8249     2.5594          4 0.0000e+00
       2769    247.000     9.4357  33.649303    95.7052     0.0152     1.3220 2.5947e+00    30.8731    23.8254     2.5568          4 0.0000e+00
       2774    248.000     9.4377  33.652356    95.7957     0.0747     1.3217 2.5947e+00    30.8740    23.8258     2.5597          4 0.0000e+00
       2778    249.000     9.4392  33.655312    95.8567     0.1199     1.3211 2.5947e+00    30.8753    23.8266     2.5555          4 0.0000e+00
       2782    250.000     9.4425  33.659844    95.8600     0.1313     1.3205 2.5894e+00    30.8767    23.8272     2.5459          4 0.0000e+00
       2786    251.000     9.4473  33.666635    95.8489     0.1426     1.3171 2.5898e+00    30.8791    23.8283     2.5255          5 0.0000e+00
       2790    252.000     9.4553  33.678274    95.9494     0.0994     1.3135 2.5876e+00    30.8837    23.8307     2.5138          4 0.0000e+00
       2794    253.000     9.4638  33.690653    95.4916     0.0459     1.3098 2.5941e+00    30.8885    23.8332     2.4976          4 0.0000e+00
       2798    254.000     9.4788  33.712599    96.0215     0.0546     1.3050 2.5900e+00    30.8975    23.8379     2.4799          4 0.0000e+00
       2803    255.000     9.4852  33.722382    96.0265     0.0460     1.3005 2.5923e+00    30.9016    23.8400     2.4680          4 0.0000e+00
       2807    256.000     9.4918  33.733523    96.0409     0.0322     1.2964 2.5922e+00    30.9067    23.8431     2.4597          4 0.0000e+00
       2811    257.000     9.4984  33.744239    95.8199     0.0329     1.2940 2.5896e+00    30.9116    23.8458     2.4574          4 0.0000e+00
       2815    258.000     9.5034  33.753003    95.8009     0.0259     1.2909 2.5957e+00    30.9157    23.8483     2.4451          5 0.0000e+00
       2819    259.000     9.5067  33.758783    95.7508     0.0282     1.2878 2.5926e+00    30.9184    23.8499     2.4366          4 0.0000e+00
       2823    260.000     9.5096  33.764822    95.7334     0.0285     1.2854 2.5922e+00    30.9216    23.8519     2.4299          4 0.0000e+00
       2827    261.000     9.5108  33.768244    95.7004     0.0158     1.2821 2.5922e+00    30.9236    23.8533     2.4197          4 0.0000e+00
       2832    262.000     9.5128  33.772789    95.6160     0.0152     1.2804 2.5846e+00    30.9261    23.8550     2.4209          4 0.0000e+00
       2836    263.000     9.5171  33.781324    95.5486     0.0338     1.2782 2.5875e+00    30.9307    23.8579     2.4128          4 0.0000e+00
       2840    264.000     9.5268  33.796283    95.3258     0.0136     1.2767 2.5900e+00    30.9371    23.8614     2.4121          4 0.0000e+00
       2844    265.000     9.5307  33.801733    95.2925     0.0152     1.2757 2.5839e+00    30.9388    23.8622     2.4115          5 0.0000e+00
       2848    266.000     9.5336  33.806274    95.7235     0.0152     1.2750 2.5893e+00    30.9405    23.8631     2.4061          4 0.0000e+00
       2852    267.000     9.5348  33.808335    95.7980     0.0152     1.2729 2.5922e+00    30.9412    23.8634     2.3936          4 0.0000e+00
       2856    268.000     9.5367  33.811397    95.8579     0.0324     1.2704 2.5899e+00    30.9423    23.8640     2.3800          4 0.0000e+00
       2861    269.000     9.5389  33.815979    95.8325     0.0374     1.2663 2.5898e+00    30.9446    23.8655     2.3623          4 0.0000e+00
       2865    270.000     9.5398  33.819687    95.7689     0.0279     1.2622 2.5976e+00    30.9473    23.8674     2.3462          4 0.0000e+00
       2869    271.000     9.5403  33.824439    95.7871     0.0189     1.2571 2.5838e+00    30.9511    23.8704     2.3297          4 0.0000e+00
       2873    272.000     9.5370  33.824375    95.6309     0.0152     1.2528 2.5898e+00    30.9535    23.8728     2.3227          5 0.0000e+00
       2877    273.000     9.5376  33.828841    95.5211     0.0152     1.2495 2.5875e+00    30.9571    23.8755     2.3186          4 0.0000e+00
       2881    274.000     9.5463  33.840731    95.4613     0.0152     1.2472 2.5897e+00    30.9613    23.8774     2.3188          4 0.0000e+00
       2885    275.000     9.5528  33.852551    95.3657     0.0152     1.2456 2.5922e+00    30.9673    23.8812     2.3128          4 0.0000e+00
       2890    276.000     9.5585  33.861361    95.3098     0.0152     1.2441 2.5922e+00    30.9709    23.8831     2.3119          4 0.0000e+00
       2894    277.000     9.5632  33.868539    95.4669     0.0246     1.2431 2.5897e+00    30.9738    23.8846     2.3095          4 0.0000e+00
       2898    278.000     9.5642  33.870279    95.2759     0.0192     1.2418 2.5925e+00    30.9743    23.8848     2.3045          4 0.0000e+00
       2902    279.000     9.5681  33.875917    95.1943     0.0151     1.2407 2.5878e+00    30.9762    23.8857     2.3035          5 0.0000e+00
       2906    280.000     9.5716  33.880793    95.4374     0.0152     1.2398 2.5874e+00    30.9778    23.8864     2.2995          4 0.0000e+00
       2910    281.000     9.5731  33.883756    95.5184     0.0152     1.2389 2.5898e+00    30.9789    23.8871     2.2984          4 0.0000e+00
       2915    282.000     9.5736  33.885289    95.4979     0.0152     1.2383 2.5873e+00    30.9797    23.8877     2.2974          4 0.0000e+00
       2919    283.000     9.5731  33.885622    95.4272     0.0152     1.2372 2.5900e+00    30.9801    23.8881     2.2916          4 0.0000e+00
       2923    284.000     9.5735  33.887066    95.4893     0.0187     1.2361 2.5937e+00    30.9807    23.8885     2.2896          5 0.0000e+00
       2927    285.000     9.5751  33.890175    95.4252     0.0116     1.2350 2.5902e+00    30.9821    23.8893     2.2866          4 0.0000e+00
       2931    286.000     9.5791  33.896060    95.4555     0.0149     1.2343 2.5921e+00    30.9843    23.8904     2.2849          4 0.0000e+00
       2935    287.000     9.5827  33.901579    95.4846     0.0152     1.2334 2.5898e+00    30.9863    23.8915     2.2819          4 0.0000e+00
       2940    288.000     9.5858  33.906527    95.4243     0.0330     1.2328 2.5947e+00    30.9883    23.8925     2.2841          4 0.0000e+00
       2944    289.000     9.5868  33.908515    95.4564     0.0329     1.2325 2.5882e+00    30.9891    23.8930     2.2828          5 0.0000e+00
       2948    290.000     9.5893  33.913045    95.4630     0.0424     1.2318 2.5878e+00    30.9911    23.8942     2.2771          5 0.0000e+00
       2954    291.000     9.5923  33.917987    95.5405     0.0401     1.2305 2.5916e+00    30.9931    23.8953     2.2739          5 0.0000e+00
       2959    292.000     9.5959  33.923351    95.6293     0.0324     1.2297 2.5938e+00    30.9950    23.8962     2.2727          5 0.0000e+00
       2965    293.000     9.6025  33.933422    95.5730     0.0329     1.2280 2.5897e+00    30.9991    23.8985     2.2556          6 0.0000e+00
       2970    294.000     9.6048  33.937303    95.7476     0.0385     1.2243 2.5913e+00    31.0006    23.8993     2.2450          6 0.0000e+00
       2976    295.000     9.6089  33.944115    95.7528     0.0466     1.2211 2.5899e+00    31.0037    23.9010     2.2363          5 0.0000e+00
       2981    296.000     9.6147  33.953619    95.7690     0.0325     1.2192 2.5898e+00    31.0079    23.9034     2.2370          5 0.0000e+00
       2987    297.000     9.6200  33.962121    95.6477     0.0329     1.2180 2.5965e+00    31.0115    23.9054     2.2346          6 0.0000e+00
       2992    298.000     9.6221  33.965681    95.4516     0.0329     1.2169 2.5899e+00    31.0129    23.9062     2.2327          5 0.0000e+00
       2997    299.000     9.6221  33.965960    95.4270     0.0329     1.2162 2.5898e+00    31.0128    23.9061     2.2290          6 0.0000e+00
       3003    300.000     9.6227  33.967052    95.5466     0.0329     1.2145 2.5947e+00    31.0129    23.9061     2.2241          6 0.0000e+00
       3010    301.000     9.6245  33.970058    95.5536     0.0304     1.2136 2.5954e+00    31.0140    23.9067     2.2219          7 0.0000e+00
       3017    302.000     9.6278  33.975255    95.5575     0.0255     1.2123 2.5940e+00    31.0161    23.9079     2.2195          7 0.0000e+00
       3088    303.000     9.6295  33.978728    95.4643     0.0336     1.2111 2.6011e+00    31.0177    23.9088     2.2184        172 0.0000e+00
       3321    304.000     9.6311  33.982092    95.4601     0.0298     1.2093 2.6089e+00    31.0193    23.9098     2.2141        248 0.0000e+00
       3545    305.000     9.6339  33.986940    95.4611     0.0243     1.2072 2.6115e+00    31.0213    23.9110     2.2066        172 0.0000e+00
       3738    306.000     9.6379  33.993751    95.3175     0.0774     1.2054 2.6138e+00    31.0244    23.9128     2.2044         26 0.0000e+00
