sample_CTD.cnv
* Sea-Bird SBE25 Data File:
* FileName = C:\Users\sbe25\MetroVan\MetroVan1701\hex\metrovan1701001.hex
* Software Version 1.59
* Temperature SN = 2784
* Conductivity SN = 2249
* System UpLoad Time = Feb 14 2017 15:21:28
** Station: S4-1.5
** Depth: Chart m
** Latitude = 49 15.013 N
** Longitude = 123 39.983 W
** PST (Time) = 14 Feb 2017 12:25
** Cruise: MetroVan SOG 1701 Feb 2017
** Comments:
# nquan = 13
# nvalues = 359                         
# units = specified
# name 0 = scan: Scan Count
# name 1 = prSM: Pressure, Strain Gauge [db]
# name 2 = t090C: Temperature [ITS-90, deg C]
# name 3 = c0mS/cm: Conductivity [mS/cm]
# name 4 = xmiss: Beam Transmission, Chelsea/Seatech [%]
# name 5 = wetStar: Fluorescence, WET Labs WETstar [mg/m^3]
# name 6 = sbeox0V: Oxygen raw, SBE 43 [V]
# name 7 = par: PAR/Irradiance, Biospherical/Licor
# name 8 = sal00: Salinity, Practical [PSU]
# name 9 = sigma-é00: Density [sigma-theta, kg/m^3]
# name 10 = sbeox0ML/L: Oxygen, SBE 43 [ml/l], WS = 2
# name 11 = nbin: number of scans per bin
# name 12 = flag: flag
# span 0 =        640,       3591       
# span 1 =      1.000,    359.000       
# span 2 =     5.7375,     9.8231       
# span 3 =  26.728057,  34.342310       
# span 4 =    90.5057,    97.0829       
# span 5 =     0.0327,     1.9365       
# span 6 =     1.1942,     2.5169       
# span 7 = 1.4991e+00, 5.2879e+02       
# span 8 =    26.7170,    31.2026       
# span 9 =    21.0427,    24.0248       
# span 10 =     2.1686,     6.8716      
# span 11 =          3,        713      
# span 12 = 0.0000e+00, 0.0000e+00      
# interval = decibars: 1                
# start_time = Feb 14 2017 12:24:50 [Instrument's time stamp, header]
# bad_flag = -9.990e-29
*END*
[from data line 223]
       2214    224.000     9.5011  33.734581    93.2508     0.1081     1.4018 1.7834e+00    30.9132    23.8461     2.7556          4 0.0000e+00
       2218    225.000     9.5000  33.735373    93.3691     0.1034     1.3968 1.7811e+00    30.9145    23.8473     2.7450          3 0.0000e+00
       2222    226.000     9.5067  33.746286    93.3294     0.1037     1.3907 1.7836e+00    30.9194    23.8501     2.7161          4 0.0000e+00
       2225    227.000     9.5344  33.784895    93.2422     0.1037     1.3837 1.7811e+00    30.9344    23.8575     2.6828          3 0.0000e+00
       2229    228.000     9.5568  33.814361    93.3009     0.1037     1.3750 1.7836e+00    30.9447    23.8620     2.6557          4 0.0000e+00
       2232    229.000     9.5795  33.841429    93.4124     0.1037     1.3679 1.7882e+00    30.9522    23.8644     2.6435          4 0.0000e+00
       2236    230.000     9.5861  33.849858    93.4159     0.1037     1.3621 1.7857e+00    30.9546    23.8652     2.6354          3 0.0000e+00
       2239    231.000     9.5895  33.854653    93.3525     0.1081     1.3578 1.7884e+00    30.9561    23.8659     2.6274          4 0.0000e+00
       2243    232.000     9.5953  33.862663    93.3355     0.1037     1.3539 1.7811e+00    30.9588    23.8671     2.6163          3 0.0000e+00
       2247    233.000     9.6025  33.872614    93.3027     0.1037     1.3493 1.7889e+00    30.9623    23.8687     2.6040          4 0.0000e+00
       2250    234.000     9.6052  33.878904    93.2223     0.1037     1.3463 1.7917e+00    30.9660    23.8712     2.5967          4 0.0000e+00
       2254    235.000     9.6112  33.890701    93.1199     0.1037     1.3424 1.7903e+00    30.9724    23.8752     2.5845          3 0.0000e+00
       2257    236.000     9.6084  33.893262    92.9979     0.0996     1.3393 1.7902e+00    30.9769    23.8792     2.5818          4 0.0000e+00
       2261    237.000     9.6059  33.893602    92.7762     0.0979     1.3373 1.7923e+00    30.9791    23.8813     2.5882          3 0.0000e+00
       2264    238.000     9.5993  33.890630    92.6108     0.1034     1.3376 1.7919e+00    30.9813    23.8840     2.5979          4 0.0000e+00
       2268    239.000     9.5821  33.875922    92.5699     0.0980     1.3380 1.7967e+00    30.9808    23.8864     2.6027          3 0.0000e+00
       2271    240.000     9.5772  33.872912    92.4037     0.1036     1.3385 1.7936e+00    30.9816    23.8878     2.6018          4 0.0000e+00
       2275    241.000     9.5797  33.875947    92.2071     0.1037     1.3380 1.7981e+00    30.9820    23.8878     2.5947          4 0.0000e+00
       2279    242.000     9.5830  33.879701    92.2713     0.1037     1.3372 1.7904e+00    30.9826    23.8877     2.5937          3 0.0000e+00
       2282    243.000     9.5851  33.882507    92.2102     0.1037     1.3367 1.7999e+00    30.9832    23.8879     2.5886          4 0.0000e+00
       2286    244.000     9.5903  33.888423    92.0734     0.1145     1.3353 1.8013e+00    30.9844    23.8880     2.5806          3 0.0000e+00
       2289    245.000     9.5930  33.891397    92.0909     0.1088     1.3335 1.8035e+00    30.9846    23.8878     2.5695          4 0.0000e+00
       2293    246.000     9.6015  33.900414    92.1761     0.1037     1.3311 1.7992e+00    30.9860    23.8875     2.5636          3 0.0000e+00
       2297    247.000     9.6108  33.910141    92.1668     0.1037     1.3287 1.8025e+00    30.9875    23.8873     2.5548          5 0.0000e+00
       2302    248.000     9.6236  33.924386    92.2418     0.1037     1.3234 1.8082e+00    30.9905    23.8876     2.5150          6 0.0000e+00
       2308    249.000     9.6589  33.966066    92.1461     0.1037     1.3126 1.8060e+00    31.0019    23.8909     2.4756          6 0.0000e+00
       2314    250.000     9.6769  33.990909    92.0058     0.1009     1.3044 1.8092e+00    31.0112    23.8954     2.4618          6 0.0000e+00
       2320    251.000     9.6813  33.998510    91.6746     0.1035     1.2988 1.8062e+00    31.0147    23.8974     2.4538          6 0.0000e+00
       2326    252.000     9.6859  34.005188    91.5585     0.1037     1.2945 1.8149e+00    31.0171    23.8986     2.4472          6 0.0000e+00
       2332    253.000     9.6887  34.009864    91.6700     0.1037     1.2918 1.8140e+00    31.0190    23.8996     2.4425          6 0.0000e+00
       2402    254.000     9.6907  34.013447    91.8268     0.1031     1.2884 1.8387e+00    31.0204    23.9005     2.4399        164 0.0000e+00
       2507    255.000     9.6960  34.022581    91.7172     0.1037     1.2833 1.8617e+00    31.0248    23.9030     2.4085          4 0.0000e+00
       2506    256.000     9.7084  34.040114    91.3136     0.1037     1.2807 1.8680e+00    31.0314    23.9062     2.4019          4 0.0000e+00
       2509    257.000     9.7116  34.044816    91.0091     0.1037     1.2784 1.8694e+00    31.0330    23.9070     2.3987          4 0.0000e+00
       2513    258.000     9.7122  34.046363    90.7395     0.1037     1.2773 1.8754e+00    31.0336    23.9074     2.3994          3 0.0000e+00
       2517    259.000     9.7124  34.046798    90.6251     0.1037     1.2759 1.8638e+00    31.0334    23.9072     2.3916          4 0.0000e+00
       2520    260.000     9.7169  34.054168    90.6542     0.1037     1.2739 1.8658e+00    31.0366    23.9091     2.3837          4 0.0000e+00
       2524    261.000     9.7226  34.062969    90.5736     0.1037     1.2717 1.8705e+00    31.0402    23.9110     2.3800          3 0.0000e+00
       2527    262.000     9.7241  34.066462    90.5057     0.0954     1.2710 1.8745e+00    31.0420    23.9122     2.3799          4 0.0000e+00
       2531    263.000     9.7228  34.067528    90.6237     0.0921     1.2693 1.8665e+00    31.0439    23.9138     2.3738          3 0.0000e+00
       2534    264.000     9.7265  34.074107    90.7304     0.1031     1.2683 1.8676e+00    31.0469    23.9156     2.3734          4 0.0000e+00
       2538    265.000     9.7292  34.077689    90.7401     0.1037     1.2676 1.8705e+00    31.0477    23.9159     2.3682          3 0.0000e+00
       2541    266.000     9.7322  34.082926    90.7490     0.1037     1.2655 1.8677e+00    31.0501    23.9172     2.3614          4 0.0000e+00
       2545    267.000     9.7353  34.087677    90.8208     0.1037     1.2643 1.8754e+00    31.0518    23.9181     2.3622          3 0.0000e+00
       2549    268.000     9.7363  34.090816    90.8228     0.0992     1.2640 1.8712e+00    31.0537    23.9194     2.3827          4 0.0000e+00
       2552    269.000     9.7191  34.076677    90.9653     0.1038     1.2684 1.8754e+00    31.0538    23.9222     2.4136          3 0.0000e+00
       2556    270.000     9.6961  34.056665    91.2789     0.0992     1.2724 1.8693e+00    31.0529    23.9253     2.4233          4 0.0000e+00
       2559    271.000     9.6920  34.054033    91.6365     0.1039     1.2758 1.8706e+00    31.0534    23.9263     2.4153          3 0.0000e+00
       2563    272.000     9.6919  34.056413    91.8222     0.1037     1.2743 1.8749e+00    31.0554    23.9279     2.3844          4 0.0000e+00
       2566    273.000     9.7168  34.090823    91.8938     0.0955     1.2704 1.8747e+00    31.0685    23.9341     2.3646          4 0.0000e+00
       2570    274.000     9.7303  34.108953    91.6721     0.1032     1.2669 1.8753e+00    31.0747    23.9368     2.3573          3 0.0000e+00
       2573    275.000     9.7313  34.110695    91.4933     0.1037     1.2647 1.8832e+00    31.0752    23.9371     2.3577          4 0.0000e+00
       2577    276.000     9.7313  34.111350    91.4295     0.1037     1.2628 1.8825e+00    31.0754    23.9373     2.3561          3 0.0000e+00
       2580    277.000     9.7313  34.111742    91.4444     0.0951     1.2619 1.8835e+00    31.0754    23.9373     2.3567          4 0.0000e+00
       2584    278.000     9.7314  34.111997    91.4538     0.1037     1.2606 1.8800e+00    31.0752    23.9372     2.3561          3 0.0000e+00
       2588    279.000     9.7309  34.112082    91.4447     0.0858     1.2609 1.8747e+00    31.0753    23.9374     2.3647          4 0.0000e+00
       2591    280.000     9.7263  34.107940    91.4539     0.0980     1.2615 1.8801e+00    31.0747    23.9376     2.3681          3 0.0000e+00
       2595    281.000     9.7258  34.107620    91.4652     0.0948     1.2619 1.8837e+00    31.0743    23.9374     2.3664          4 0.0000e+00
       2598    282.000     9.7258  34.107997    91.6024     0.1031     1.2619 1.8819e+00    31.0743    23.9374     2.3645          4 0.0000e+00
       2602    283.000     9.7263  34.108968    91.5369     0.0980     1.2615 1.8892e+00    31.0744    23.9375     2.3593          3 0.0000e+00
       2605    284.000     9.7311  34.114850    91.4926     0.0906     1.2604 1.8837e+00    31.0759    23.9378     2.3525          4 0.0000e+00
       2609    285.000     9.7357  34.120199    91.4050     0.0918     1.2591 1.8892e+00    31.0769    23.9379     2.3447          3 0.0000e+00
       2612    286.000     9.7381  34.123284    91.3982     0.0905     1.2571 1.8890e+00    31.0776    23.9381     2.3399          4 0.0000e+00
       2616    287.000     9.7443  34.131242    91.4789     0.0861     1.2558 1.8918e+00    31.0798    23.9389     2.3492          3 0.0000e+00
       2620    288.000     9.7431  34.131789    91.4171     0.0860     1.2576 1.8888e+00    31.0810    23.9400     2.3675          4 0.0000e+00
       2623    289.000     9.7246  34.116794    91.4448     0.0860     1.2599 1.8871e+00    31.0813    23.9432     2.3756          3 0.0000e+00
       2626    290.000     9.7177  34.112499    91.8050     0.0860     1.2613 1.8925e+00    31.0825    23.9452     2.3774          4 0.0000e+00
       2630    291.000     9.7183  34.115450    92.0204     0.0941     1.2627 1.8909e+00    31.0846    23.9467     2.3762          4 0.0000e+00
       2634    292.000     9.7194  34.117277    92.0670     0.0867     1.2631 1.9006e+00    31.0851    23.9471     2.3685          3 0.0000e+00
       2637    293.000     9.7218  34.121005    91.9850     0.0860     1.2614 1.9014e+00    31.0864    23.9477     2.3580          3 0.0000e+00
       2641    294.000     9.7309  34.133133    91.9794     0.0954     1.2607 1.8957e+00    31.0904    23.9493     2.3606          4 0.0000e+00
       2644    295.000     9.7314  34.133911    91.9994     0.0991     1.2601 1.8943e+00    31.0903    23.9493     2.3525          4 0.0000e+00
       2648    296.000     9.7327  34.135778    91.9174     0.0919     1.2578 1.8967e+00    31.0907    23.9493     2.3364          3 0.0000e+00
       2652    297.000     9.7432  34.148927    91.8925     0.0859     1.2545 1.8942e+00    31.0945    23.9507     2.3240          4 0.0000e+00
       2655    298.000     9.7518  34.159107    91.6687     0.0919     1.2517 1.8990e+00    31.0970    23.9513     2.3190          3 0.0000e+00
       2658    299.000     9.7519  34.159839    91.5729     0.0948     1.2497 1.9032e+00    31.0972    23.9514     2.3163          4 0.0000e+00
       2662    300.000     9.7555  34.164796    91.7262     0.0979     1.2479 1.8989e+00    31.0987    23.9521     2.3099          3 0.0000e+00
       2666    301.000     9.7601  34.171513    91.6836     0.0947     1.2453 1.9016e+00    31.1011    23.9532     2.3032          4 0.0000e+00
       2669    302.000     9.7629  34.176134    91.5541     0.0866     1.2439 1.9014e+00    31.1030    23.9542     2.3050          4 0.0000e+00
       2673    303.000     9.7633  34.177202    91.5515     0.0971     1.2431 1.9059e+00    31.1032    23.9544     2.3067          3 0.0000e+00
       2676    304.000     9.7634  34.177859    91.6601     0.0992     1.2426 1.9068e+00    31.1035    23.9546     2.3044          4 0.0000e+00
       2680    305.000     9.7639  34.179274    91.5557     0.0865     1.2415 1.9085e+00    31.1041    23.9550     2.2983          3 0.0000e+00
       2683    306.000     9.7665  34.183715    91.5981     0.0904     1.2405 1.9015e+00    31.1059    23.9560     2.2939          4 0.0000e+00
       2687    307.000     9.7716  34.191556    91.5700     0.0919     1.2387 1.9014e+00    31.1090    23.9577     2.2856          3 0.0000e+00
       2690    308.000     9.7748  34.196112    91.6321     0.0860     1.2371 1.9122e+00    31.1104    23.9582     2.2800          4 0.0000e+00
       2694    309.000     9.7769  34.199539    91.6412     0.0920     1.2354 1.9110e+00    31.1116    23.9588     2.2759          3 0.0000e+00
       2698    310.000     9.7825  34.207686    91.8092     0.0950     1.2337 1.9084e+00    31.1146    23.9604     2.2708          4 0.0000e+00
       2701    311.000     9.7846  34.211271    91.9046     0.0856     1.2324 1.9086e+00    31.1161    23.9611     2.2699          3 0.0000e+00
       2705    312.000     9.7901  34.223593    92.1939     0.0906     1.2312 1.9124e+00    31.1233    23.9659     2.2671          4 0.0000e+00
       2708    313.000     9.7931  34.232141    92.8605     0.0863     1.2302 1.9122e+00    31.1290    23.9699     2.2638          4 0.0000e+00
       2712    314.000     9.7938  34.235113    93.3191     0.0860     1.2289 1.9181e+00    31.1309    23.9713     2.2599          3 0.0000e+00
       2715    315.000     9.7940  34.235996    93.6446     0.0816     1.2280 1.9122e+00    31.1312    23.9715     2.2573          4 0.0000e+00
       2719    316.000     9.7951  34.238879    93.5868     0.0859     1.2269 1.9064e+00    31.1328    23.9726     2.2558          3 0.0000e+00
       2722    317.000     9.7957  34.240370    93.8256     0.0860     1.2264 1.9226e+00    31.1334    23.9730     2.2553          4 0.0000e+00
       2726    318.000     9.7964  34.242306    93.9888     0.0860     1.2252 1.9206e+00    31.1343    23.9736     2.2508          3 0.0000e+00
       2730    319.000     9.7968  34.244525    94.0823     0.0860     1.2246 1.9139e+00    31.1358    23.9747     2.2515          4 0.0000e+00
       2733    320.000     9.7972  34.246325    94.2578     0.0860     1.2244 1.9232e+00    31.1369    23.9756     2.2509          3 0.0000e+00
       2737    321.000     9.7976  34.247673    94.3631     0.0860     1.2233 1.9250e+00    31.1375    23.9760     2.2461          4 0.0000e+00
       2740    322.000     9.7983  34.250702    94.3159     0.0860     1.2228 1.9196e+00    31.1395    23.9774     2.2474          4 0.0000e+00
       2744    323.000     9.7993  34.254355    94.2588     0.0806     1.2224 1.9161e+00    31.1419    23.9792     2.2458          3 0.0000e+00
       2747    324.000     9.7998  34.256187    94.1318     0.0863     1.2216 1.9234e+00    31.1429    23.9799     2.2445          3 0.0000e+00
       2751    325.000     9.8008  34.258997    94.2212     0.0860     1.2216 1.9231e+00    31.1445    23.9810     2.2459          4 0.0000e+00
       2754    326.000     9.8015  34.260785    94.2608     0.0860     1.2213 1.9230e+00    31.1452    23.9814     2.2433          4 0.0000e+00
       2758    327.000     9.8021  34.262760    94.1726     0.0860     1.2207 1.9231e+00    31.1463    23.9822     2.2437          3 0.0000e+00
       2762    328.000     9.8023  34.263626    94.0366     0.0860     1.2210 1.9286e+00    31.1467    23.9825     2.2462          4 0.0000e+00
       2765    329.000     9.8023  34.264142    94.0402     0.0860     1.2203 1.9229e+00    31.1467    23.9826     2.2416          3 0.0000e+00
       2769    330.000     9.8024  34.265172    93.8789     0.0860     1.2203 1.9288e+00    31.1473    23.9830     2.2444          4 0.0000e+00
       2772    331.000     9.8039  34.269270    93.8509     0.0860     1.2203 1.9330e+00    31.1497    23.9847     2.2450          3 0.0000e+00
       2776    332.000     9.8066  34.274633    93.7605     0.0860     1.2203 1.9282e+00    31.1523    23.9863     2.2424          4 0.0000e+00
       2779    333.000     9.8086  34.279252    93.7030     0.0860     1.2195 1.9302e+00    31.1549    23.9880     2.2356          4 0.0000e+00
